Semente utilizada : 1501952213
10 14 5

0 67 990 192 748 88 669 722 102 31 
998 0 601 721 124 603 320 315 971 402 
723 957 0 262 131 966 207 644 6 925 
537 499 645 0 381 624 414 128 117 205 
619 587 416 644 0 394 362 749 201 150 
962 900 728 646 345 0 421 644 78 639 
179 69 259 262 475 441 0 94 179 980 
205 966 460 623 769 79 226 0 583 632 
44 616 153 395 373 231 927 535 0 96 
626 144 318 318 390 937 32 190 37 0 

0 882 31 729 363 740 380 329 897 909 
119 0 481 289 829 399 651 665 176 648 
263 97 0 694 806 50 787 320 861 153 
408 471 350 0 652 361 563 878 730 671 
461 385 562 392 0 669 705 252 690 764 
142 201 219 312 532 0 619 347 756 321 
740 821 744 743 541 587 0 918 792 85 
665 224 459 452 314 907 706 0 441 303 
947 339 733 518 580 649 80 501 0 814 
310 776 683 703 508 106 882 658 957 0 

1214
0 241 24
1 871 87
2 633 63
3 285 28
4 405 40
5 980 98
6 73 7
7 652 65
8 188 18
9 136 13

0 0 4 327.2   1089
1 1 7 409   1344
2 2 6 409   1059
3 3 6 409   1689
4 4 0 327.2   1383
5 5 4 245.4   1515
6 5 8 245.4   1131
7 6 7 245.4   1614
8 6 9 327.2   255
9 7 0 409   1029
10 8 6 409   240
11 8 4 409   1740
12 9 5 327.2   318
13 9 5 245.4   318

0 0 197
0 1 356
0 2 309
0 3 278
0 4 0
0 5 343
0 6 309
0 7 303
0 8 233
0 9 276
1 0 194
1 1 202
1 2 349
1 3 302
1 4 280
1 5 282
1 6 295
1 7 0
1 8 184
1 9 292
2 0 253
2 1 335
2 2 275
2 3 332
2 4 232
2 5 213
2 6 0
2 7 330
2 8 260
2 9 208
3 0 274
3 1 185
3 2 208
3 3 298
3 4 271
3 5 244
3 6 0
3 7 361
3 8 266
3 9 340
4 0 0
4 1 255
4 2 218
4 3 262
4 4 355
4 5 231
4 6 349
4 7 212
4 8 288
4 9 331
5 0 327
5 1 194
5 2 214
5 3 305
5 4 0
5 5 344
5 6 307
5 7 285
5 8 355
5 9 290
6 0 318
6 1 320
6 2 350
6 3 226
6 4 304
6 5 293
6 6 355
6 7 295
6 8 0
6 9 200
7 0 285
7 1 309
7 2 344
7 3 246
7 4 204
7 5 230
7 6 209
7 7 0
7 8 267
7 9 310
8 0 292
8 1 211
8 2 188
8 3 242
8 4 292
8 5 275
8 6 333
8 7 243
8 8 185
8 9 0
9 0 0
9 1 195
9 2 335
9 3 205
9 4 265
9 5 290
9 6 193
9 7 364
9 8 231
9 9 259
10 0 201
10 1 353
10 2 243
10 3 250
10 4 325
10 5 202
10 6 0
10 7 338
10 8 287
10 9 313
11 0 210
11 1 284
11 2 199
11 3 240
11 4 0
11 5 252
11 6 223
11 7 284
11 8 192
11 9 214
12 0 288
12 1 238
12 2 307
12 3 264
12 4 315
12 5 0
12 6 317
12 7 337
12 8 345
12 9 205
13 0 270
13 1 351
13 2 347
13 3 357
13 4 272
13 5 0
13 6 306
13 7 335
13 8 197
13 9 289
