10 50 5

0 459 525 413 291 628 409 616 348 470 
331 0 153 317 580 236 561 268 613 436 
634 572 0 657 522 354 160 145 519 336 
302 114 668 0 258 502 150 699 512 473 
463 619 113 463 0 369 470 513 336 147 
629 419 292 521 147 0 129 623 457 222 
293 452 271 314 330 402 0 280 359 540 
356 255 403 689 490 320 355 0 426 196 
535 506 570 279 252 404 603 640 0 541 
324 247 174 295 546 273 204 379 576 0 

0 81 30 79 68 55 81 92 61 97 
81 0 83 88 57 63 31 77 43 72 
49 27 0 47 89 85 97 65 33 81 
79 88 32 0 76 29 89 46 97 83 
33 24 89 23 0 92 84 31 66 85 
49 33 85 41 92 0 75 72 54 85 
81 55 97 89 84 28 0 81 74 63 
92 77 48 36 49 72 81 0 53 82 
39 56 24 97 66 27 36 22 0 56 
97 72 81 83 41 85 63 55 21 0 

178.0 183.0 1 9
237.0 171.0 1 2
237.0 183.0 1 9
296.0 165.0 1 6
296.0 90.0 1 3
178.0 243.0 2 1
296.0 231.0 2 8
266.0 93.0 2 7
266.0 189.0 2 6
207.0 189.0 2 6
178.0 195.0 3 8
207.0 147.0 3 1
207.0 81.0 3 2
266.0 141.0 3 4
207.0 267.0 3 5
178.0 138.0 4 8
207.0 264.0 4 2
266.0 237.0 4 1
207.0 237.0 4 1
207.0 264.0 4 2
237.0 198.0 5 9
207.0 255.0 5 10
178.0 267.0 5 3
178.0 252.0 5 7
207.0 255.0 5 10
207.0 99.0 6 2
266.0 162.0 6 9
296.0 276.0 6 5
178.0 225.0 6 7
266.0 255.0 6 3
178.0 222.0 7 9
237.0 222.0 7 9
296.0 189.0 7 10
207.0 267.0 7 4
178.0 222.0 7 9
266.0 108.0 8 4
207.0 231.0 8 2
237.0 108.0 8 4
237.0 246.0 8 10
266.0 144.0 8 3
178.0 81.0 9 6
266.0 168.0 9 2
207.0 198.0 9 5
178.0 291.0 9 4
207.0 66.0 9 8
207.0 216.0 10 2
178.0 165.0 10 8
237.0 63.0 10 9
237.0 216.0 10 2
296.0 123.0 10 5

0 459 404 413 291 628 409 549 0 438 
0 0 404 413 291 628 409 549 348 438 
0 459 404 413 291 628 409 549 0 438 
0 459 404 413 291 0 409 549 348 438 
0 459 0 413 291 628 409 549 348 438 
0 0 153 317 580 236 561 268 613 436 
331 0 153 317 580 236 561 0 613 436 
331 0 153 317 580 236 0 268 613 436 
331 0 153 317 580 0 561 268 613 436 
331 0 153 317 580 0 561 268 613 436 
634 572 0 657 522 354 160 0 519 336 
0 572 0 657 522 354 160 145 519 336 
634 0 0 657 522 354 160 145 519 336 
634 572 0 0 522 354 160 145 519 336 
634 572 0 657 0 354 160 145 519 336 
302 114 668 0 258 502 150 0 512 473 
302 0 668 0 258 502 150 699 512 473 
0 114 668 0 258 502 150 699 512 473 
0 114 668 0 258 502 150 699 512 473 
302 0 668 0 258 502 150 699 512 473 
463 619 113 463 0 369 470 513 0 147 
463 619 113 463 0 369 470 513 336 0 
463 619 0 463 0 369 470 513 336 147 
463 619 113 463 0 369 0 513 336 147 
463 619 113 463 0 369 470 513 336 0 
629 0 292 521 147 0 129 623 457 222 
629 419 292 521 147 0 129 623 0 222 
629 419 292 521 0 0 129 623 457 222 
629 419 292 521 147 0 0 623 457 222 
629 419 0 521 147 0 129 623 457 222 
293 452 271 314 330 402 0 280 0 540 
293 452 271 314 330 402 0 280 0 540 
293 452 271 314 330 402 0 280 359 0 
293 452 271 0 330 402 0 280 359 540 
293 452 271 314 330 402 0 280 0 540 
356 255 403 0 490 320 355 0 426 196 
356 0 403 689 490 320 355 0 426 196 
356 255 403 0 490 320 355 0 426 196 
356 255 403 689 490 320 355 0 426 0 
356 255 0 689 490 320 355 0 426 196 
535 506 570 279 252 0 603 640 0 541 
535 0 570 279 252 404 603 640 0 541 
535 506 570 279 0 404 603 640 0 541 
535 506 570 0 252 404 603 640 0 541 
535 506 570 279 252 404 603 0 0 541 
324 0 174 295 546 273 204 379 576 0 
324 247 174 295 546 273 204 0 576 0 
324 247 174 295 546 273 204 379 0 0 
324 0 174 295 546 273 204 379 576 0 
324 247 174 295 0 273 204 379 576 0 

3124.7999999999997
1 0.0 0.0
2 596.0 50.0
3 477.0 45.0
4 505.0 41.0
5 520.0 53.0
6 454.0 54.0
7 510.0 35.0
8 427.0 44.0
9 473.0 42.0
10 502.0 32.0
