10 49 3

0 174 590 200 380 322 400 240 440 302 
150 0 103 132 539 603 635 260 372 236 
402 448 0 359 389 699 630 104 405 400 
136 304 484 0 657 260 461 630 325 194 
615 447 583 472 0 647 461 267 233 219 
597 500 325 442 630 0 299 130 497 290 
254 200 399 195 178 282 0 548 434 574 
167 552 138 415 696 323 596 0 497 133 
121 435 513 681 375 695 292 364 0 527 
447 682 238 627 127 389 600 186 377 0 

0 87 43 61 52 94 86 69 63 67 
87 0 77 65 35 36 77 75 31 91 
36 25 0 43 43 99 46 83 29 74 
61 65 25 0 56 99 98 38 84 98 
27 38 20 37 0 51 98 98 78 64 
46 22 99 23 47 0 64 66 35 63 
86 77 46 98 98 64 0 31 94 26 
69 32 83 36 26 66 28 0 54 93 
63 27 25 35 28 36 94 50 0 25 
54 25 74 47 64 41 21 93 45 0 

234.0 189.0 1 9
164.0 189.0 1 9
187.0 258.0 1 7
234.0 156.0 1 5
187.0 207.0 1 8
141.0 273.0 2 10
211.0 195.0 2 4
187.0 225.0 2 8
234.0 261.0 2 1
234.0 195.0 2 4
141.0 129.0 3 5
164.0 87.0 3 9
164.0 249.0 3 8
141.0 297.0 3 6
141.0 108.0 3 1
211.0 183.0 4 1
164.0 183.0 4 1
141.0 294.0 4 10
187.0 294.0 4 7
164.0 294.0 4 7
211.0 192.0 5 10
234.0 111.0 5 4
141.0 81.0 5 1
141.0 234.0 5 9
211.0 294.0 5 7
164.0 294.0 5 8
211.0 189.0 6 10
187.0 189.0 6 10
164.0 66.0 6 2
164.0 297.0 6 3
234.0 297.0 6 3
211.0 258.0 7 1
164.0 294.0 7 5
187.0 294.0 7 5
234.0 282.0 7 9
234.0 294.0 7 5
141.0 93.0 7 8
141.0 207.0 8 1
164.0 279.0 8 10
141.0 96.0 8 2
211.0 84.0 9 5
141.0 84.0 9 5
211.0 75.0 9 3
141.0 81.0 9 2
234.0 108.0 9 6
141.0 192.0 10 5
187.0 192.0 10 5
141.0 222.0 10 3
141.0 75.0 10 2

0 174 277 200 380 322 400 240 0 302 
0 174 277 200 380 322 400 240 0 302 
0 174 277 200 380 322 0 240 440 302 
0 174 277 200 0 322 400 240 440 302 
0 174 277 200 380 322 400 0 440 302 
150 0 103 132 539 603 635 260 372 0 
150 0 103 0 539 603 635 260 372 236 
150 0 103 132 539 603 635 0 372 236 
0 0 103 132 539 603 635 260 372 236 
150 0 103 0 539 603 635 260 372 236 
402 448 0 359 0 699 630 104 405 400 
402 448 0 359 389 699 630 104 0 400 
402 448 0 359 389 699 630 0 405 400 
402 448 0 359 389 0 630 104 405 400 
0 448 0 359 389 699 630 104 405 400 
0 304 484 0 657 260 461 630 325 194 
0 304 484 0 657 260 461 630 325 194 
136 304 484 0 657 260 461 630 325 0 
136 304 484 0 657 260 0 630 325 194 
136 304 484 0 657 260 0 630 325 194 
615 447 583 472 0 647 461 267 233 0 
615 447 583 0 0 647 461 267 233 219 
0 447 583 472 0 647 461 267 233 219 
615 447 583 472 0 647 461 267 0 219 
615 447 583 472 0 647 0 267 233 219 
615 447 583 472 0 647 461 0 233 219 
597 500 325 442 630 0 299 130 497 0 
597 500 325 442 630 0 299 130 497 0 
597 0 325 442 630 0 299 130 497 290 
597 500 0 442 630 0 299 130 497 290 
597 500 0 442 630 0 299 130 497 290 
0 200 399 195 178 282 0 548 434 574 
254 200 399 195 0 282 0 548 434 574 
254 200 399 195 0 282 0 548 434 574 
254 200 399 195 178 282 0 548 0 574 
254 200 399 195 0 282 0 548 434 574 
254 200 399 195 178 282 0 0 434 574 
0 552 138 415 696 323 596 0 497 133 
167 552 138 415 696 323 596 0 497 0 
167 0 138 415 696 323 596 0 497 133 
121 435 513 681 0 695 292 364 0 527 
121 435 513 681 0 695 292 364 0 527 
121 435 0 681 375 695 292 364 0 527 
121 0 513 681 375 695 292 364 0 527 
121 435 513 681 375 0 292 364 0 527 
447 682 238 627 0 389 600 186 377 0 
447 682 238 627 0 389 600 186 377 0 
447 682 0 627 127 389 600 186 377 0 
447 0 238 627 127 389 600 186 377 0 

3065.2999999999997
1 0.0 0.0
2 436.0 41.0
3 448.0 58.0
4 426.0 32.0
5 504.0 32.0
6 525.0 39.0
7 589.0 42.0
8 503.0 38.0
9 508.0 39.0
10 440.0 45.0
