4 30 3

0 95 65 92 
95 0 38 32 
65 38 0 68 
92 32 68 0 

0 19 16 11
19 0 5 4 
16 5 0 18 
11 4 18 0 

27.0 33.0 1 4 
27.0 45.0 1 2 
27.0 33.0 1 4 
27.0 12.0 2 4
27.0 15.0 2 3
27.0 15.0 2 3
27.0 57.0 2 1
27.0 57.0 2 1
27.0 12.0 2 4
27.0 15.0 2 3
27.0 57.0 2 1
27.0 57.0 2 1
27.0 57.0 2 1
27.0 15.0 3 2
27.0 54.0 3 4
27.0 15.0 3 2
27.0 54.0 3 4
27.0 15.0 3 2
27.0 48.0 3 1
27.0 48.0 3 1
27.0 48.0 3 1
27.0 48.0 3 1
27.0 15.0 3 2
27.0 15.0 3 2
27.0 54.0 3 4
27.0 33.0 4 1
27.0 12.0 4 2
27.0 33.0 4 1
27.0 54.0 4 3
27.0 54.0 4 3

0 95 65 0
0 0 65 92 
0 95 65 0 
95 0 38 0 
95 0 0 32 
95 0 0 32 
0 0 38 32 
0 0 38 32 
95 0 38 0 
95 0 0 32 
0 0 38 32 
0 0 38 32 
0 0 38 32 
65 0 0 68 
65 38 0 0 
65 0 0 68 
65 38 0 0 
65 0 0 68 
0 38 0 68 
0 38 0 68 
0 38 0 68 
0 38 0 68 
65 0 0 68 
65 0 0 68 
65 38 0 0 
0 32 68 0 
92 0 68 0 
0 32 68 0 
92 32 0 0 
92 32 0 0 

40.199999999999996 
1 0.0 0.0 
2 33.0 8.0
3 14.0 4.0
4 20.0 3.0
