30 236 4

0 525 401 600 355 211 125 275 303 690 137 560 454 611 165 311 555 415 181 454 630 515 147 685 562 672 580 188 684 598 
210 0 504 522 649 358 452 678 348 327 244 150 377 268 397 666 594 505 433 433 578 249 574 439 301 401 134 143 502 501 
241 537 0 495 601 638 417 563 446 265 620 592 439 254 615 672 142 643 166 126 672 620 453 325 146 152 166 468 623 473 
216 382 455 0 393 201 398 197 592 488 408 677 473 225 339 320 292 318 346 101 111 558 242 606 341 676 245 196 528 471 
549 432 443 193 0 356 288 504 335 320 362 457 532 460 167 242 386 658 639 555 390 285 109 219 303 258 270 479 259 494 
604 699 589 138 418 0 383 343 460 387 635 311 656 691 541 506 227 161 239 586 607 671 446 213 171 312 492 148 378 589 
311 508 380 668 179 692 0 377 430 258 499 633 683 180 502 170 517 610 612 201 557 379 350 681 341 617 669 345 380 102 
529 255 367 529 556 674 482 0 141 249 686 379 216 356 577 511 152 296 250 403 489 175 105 233 516 409 249 445 362 699 
330 579 374 347 692 367 136 479 0 621 433 597 591 139 339 284 405 494 424 500 191 588 122 425 574 672 672 229 543 517 
227 114 524 420 331 238 374 429 234 0 304 264 409 621 263 195 102 411 122 610 212 627 674 105 349 222 227 119 298 294 
673 573 240 546 368 498 113 511 268 356 0 582 484 134 493 402 506 336 536 242 494 103 150 185 221 103 530 112 283 574 
533 627 495 670 134 342 590 374 210 278 307 0 442 636 604 104 534 585 148 140 370 442 108 449 399 687 239 520 296 501 
242 100 699 579 478 480 559 615 516 325 664 304 0 535 499 389 495 306 203 459 415 210 208 538 462 190 280 549 679 196 
658 247 390 133 518 497 559 336 347 192 699 245 289 0 523 280 519 340 378 363 356 513 650 637 153 376 645 359 542 270 
222 452 362 230 538 386 695 236 666 227 253 238 285 342 0 133 391 162 389 203 688 123 420 479 429 558 261 469 474 301 
650 640 168 477 648 397 600 587 156 547 275 394 141 633 324 0 578 445 144 682 498 605 184 213 190 588 182 420 699 668 
242 121 375 306 334 186 615 280 523 589 192 408 566 295 566 687 0 408 105 275 323 339 239 247 619 319 350 318 538 541 
210 351 423 619 377 448 195 318 695 263 440 366 663 363 211 531 483 0 482 278 285 665 116 205 201 634 508 226 663 367 
238 423 464 538 483 688 670 374 186 394 323 637 362 420 283 628 506 680 0 126 660 169 230 389 312 273 678 686 638 109 
103 155 484 276 233 196 393 470 132 325 221 227 690 162 581 347 616 150 351 0 360 124 363 686 551 259 612 442 518 586 
415 488 615 191 486 170 666 476 668 466 298 678 140 176 229 504 245 350 207 199 0 691 692 656 498 311 380 601 665 222 
588 375 150 190 380 126 644 429 267 582 618 140 595 651 324 425 285 246 487 202 186 0 105 599 413 439 208 519 189 315 
211 283 390 337 344 445 114 453 485 579 108 157 363 322 529 253 494 217 678 127 545 420 0 493 373 574 314 337 164 107 
438 657 503 336 111 386 637 605 412 572 144 657 128 518 467 661 429 430 447 214 313 368 538 0 257 354 176 444 169 694 
587 599 341 635 111 659 317 216 436 156 546 110 666 241 133 167 617 233 239 441 375 603 144 519 0 555 586 484 621 265 
195 255 373 159 653 153 555 380 476 125 313 384 362 219 120 223 275 614 428 663 483 575 402 392 422 0 624 184 147 219 
117 145 395 254 628 557 680 161 397 521 123 102 429 479 300 484 325 525 199 171 343 434 197 221 384 219 0 694 555 129 
465 580 426 383 692 458 608 203 592 660 399 316 650 193 132 280 583 106 380 418 593 646 269 181 231 238 428 0 278 296 
460 360 679 444 697 313 184 151 627 486 417 331 309 539 610 176 232 571 483 491 608 624 447 649 441 556 555 294 0 456 
354 413 654 270 126 175 582 263 102 523 288 337 252 593 362 144 385 203 194 350 151 177 304 576 267 264 688 331 677 0 

0 78 69 83 76 69 87 65 67 97 95 56 74 46 74 65 81 63 68 96 27 42 82 56 22 68 93 72 44 90 
78 0 57 69 40 86 53 63 77 68 98 67 90 62 35 48 72 63 23 72 55 67 85 42 62 61 97 77 67 23 
69 39 0 20 52 54 60 87 75 94 83 36 49 63 73 95 77 43 84 69 52 64 28 93 79 74 66 50 55 51 
83 69 44 0 86 62 54 75 85 35 45 32 31 60 81 86 78 93 84 64 75 61 76 66 96 71 85 87 38 73 
44 38 54 86 0 70 83 32 93 77 96 71 26 26 82 69 74 62 53 84 49 75 73 79 72 70 64 35 70 91 
40 48 46 62 25 0 64 64 61 61 22 68 55 59 25 29 82 63 91 78 78 68 25 70 68 72 25 66 90 64 
87 56 60 38 83 42 0 95 68 95 73 31 40 80 43 95 28 93 41 99 43 92 83 58 77 56 42 63 74 70 
31 63 87 33 20 29 53 0 68 87 24 98 71 91 68 22 90 99 93 53 45 67 80 82 82 71 95 64 60 78 
67 53 75 85 24 61 68 39 0 73 80 68 42 82 65 87 22 39 82 75 76 84 75 51 21 40 25 91 54 80 
97 68 27 34 77 61 95 41 73 0 65 83 99 98 65 63 71 99 65 68 93 35 37 96 74 80 88 76 79 99 
49 31 83 52 96 49 73 30 80 65 0 99 31 72 69 74 95 99 85 65 71 95 86 67 84 98 76 87 62 70 
44 32 59 51 71 68 49 98 68 83 99 0 65 93 64 93 32 60 97 94 84 91 62 33 88 28 96 62 71 67 
74 90 57 25 56 39 52 34 25 99 27 65 0 88 72 69 48 87 99 49 63 62 73 78 28 60 86 52 60 84 
42 62 58 60 43 37 46 91 82 98 45 93 88 0 99 60 65 74 64 93 78 51 96 43 76 60 57 99 28 86 
74 31 73 81 21 23 24 68 32 65 69 64 72 99 0 78 49 70 89 82 79 88 32 40 90 92 70 73 32 83 
30 54 95 50 37 56 33 30 87 26 74 55 69 25 78 0 50 41 99 62 36 44 88 63 72 98 87 99 81 78 
81 72 77 78 74 82 33 90 53 48 95 37 47 65 45 29 0 28 78 76 70 64 86 96 25 74 98 74 97 27 
63 63 41 42 62 41 93 99 30 99 27 60 41 74 70 34 29 0 47 87 86 83 89 74 87 33 48 81 35 65 
68 23 46 48 36 39 30 93 82 44 85 29 99 53 89 48 37 29 0 90 79 81 61 23 77 79 77 73 49 68 
96 72 24 64 84 78 52 27 75 68 65 94 41 93 27 62 42 87 90 0 87 60 75 77 30 92 98 27 41 89 
30 43 22 75 25 78 56 39 46 47 71 42 63 78 79 48 70 86 79 87 0 88 25 97 98 97 71 42 56 86 
56 67 64 61 75 68 55 25 84 26 33 91 36 45 88 50 64 83 36 60 88 0 91 83 34 27 87 41 77 69 
82 85 22 76 73 54 83 36 39 34 86 62 73 96 23 88 48 89 58 75 20 33 0 51 63 53 69 96 75 74 
26 35 32 66 79 46 44 23 23 45 67 58 78 42 40 40 48 48 30 77 97 83 28 0 64 75 96 92 74 21 
35 21 79 45 72 51 77 82 25 74 25 88 37 76 90 72 26 87 77 59 98 36 63 44 0 32 46 82 39 91 
68 61 74 71 53 72 46 71 23 80 98 26 60 60 92 98 74 50 52 34 37 35 40 55 44 0 80 65 79 84 
93 97 57 85 35 34 28 95 51 42 76 96 46 50 70 53 98 24 77 98 71 22 69 96 54 80 0 45 50 60 
50 26 20 87 36 30 33 64 27 31 31 62 29 99 73 99 48 81 73 40 47 44 96 92 82 65 51 0 84 83 
47 67 39 30 46 90 74 60 47 21 55 71 60 26 28 81 97 55 29 30 47 36 26 37 34 39 29 84 0 56 
90 58 39 73 91 64 52 78 80 52 70 67 84 44 83 78 59 65 68 89 86 69 74 36 91 84 39 83 52 0 

419.0 81.0 1 21
367.0 126.0 1 22
367.0 147.0 1 3
523.0 129.0 1 2
367.0 201.0 1 4
523.0 222.0 1 20
419.0 81.0 1 21
419.0 141.0 1 11
419.0 204.0 1 27
523.0 204.0 2 10
314.0 201.0 2 29
419.0 270.0 2 13
314.0 69.0 2 30
419.0 159.0 2 7
314.0 216.0 2 20
523.0 201.0 2 22
471.0 222.0 3 26
367.0 237.0 3 25
419.0 156.0 3 21
314.0 192.0 3 22
471.0 213.0 4 26
314.0 186.0 4 6
314.0 252.0 4 19
419.0 243.0 4 15
419.0 213.0 4 26
314.0 198.0 4 24
523.0 105.0 4 10
314.0 258.0 4 16
523.0 243.0 4 15
314.0 258.0 4 5
314.0 198.0 4 24
523.0 186.0 5 18
471.0 207.0 5 16
419.0 216.0 5 25
314.0 231.0 5 10
471.0 231.0 5 10
471.0 147.0 5 21
471.0 249.0 5 7
314.0 78.0 5 13
523.0 192.0 6 8
419.0 75.0 6 5
367.0 192.0 6 30
314.0 75.0 6 15
367.0 66.0 6 11
523.0 183.0 6 9
367.0 273.0 6 19
523.0 75.0 6 5
367.0 192.0 6 30
471.0 234.0 6 20
367.0 168.0 7 2
367.0 279.0 7 18
523.0 222.0 7 29
523.0 210.0 7 30
314.0 285.0 7 10
419.0 114.0 7 4
471.0 204.0 7 9
523.0 222.0 7 29
314.0 234.0 8 30
471.0 180.0 8 29
314.0 213.0 8 13
367.0 261.0 8 3
314.0 159.0 8 7
419.0 297.0 8 18
523.0 246.0 8 25
314.0 213.0 8 26
314.0 87.0 8 6
314.0 204.0 8 9
471.0 93.0 8 1
471.0 204.0 8 9
419.0 273.0 9 28
314.0 219.0 9 10
314.0 225.0 9 23
471.0 72.0 9 5
419.0 294.0 10 14
419.0 297.0 10 30
523.0 195.0 10 11
314.0 297.0 10 13
471.0 297.0 10 13
523.0 291.0 10 1
367.0 288.0 10 24
419.0 186.0 11 29
367.0 90.0 11 8
471.0 201.0 11 24
523.0 285.0 11 22
523.0 93.0 11 13
419.0 249.0 11 3
471.0 249.0 11 3
314.0 201.0 11 24
367.0 147.0 11 1
367.0 285.0 11 17
471.0 201.0 11 24
471.0 285.0 11 17
471.0 186.0 12 23
523.0 99.0 12 24
471.0 294.0 12 8
419.0 177.0 12 3
419.0 273.0 12 22
523.0 297.0 12 11
419.0 186.0 12 23
314.0 201.0 12 30
314.0 201.0 12 30
523.0 252.0 13 30
367.0 261.0 13 18
419.0 171.0 13 3
523.0 270.0 13 2
523.0 261.0 13 18
367.0 186.0 13 22
367.0 156.0 13 7
471.0 168.0 13 5
314.0 180.0 14 4
471.0 138.0 14 7
367.0 195.0 14 17
471.0 129.0 14 5
314.0 297.0 14 28
523.0 273.0 14 8
471.0 126.0 14 1
367.0 279.0 14 12
367.0 279.0 14 12
523.0 174.0 14 3
471.0 270.0 15 25
419.0 222.0 15 1
314.0 204.0 15 8
419.0 207.0 15 11
314.0 276.0 15 26
419.0 210.0 15 27
314.0 96.0 15 29
419.0 264.0 15 22
523.0 243.0 15 4
523.0 237.0 15 21
523.0 120.0 15 24
523.0 243.0 16 29
523.0 264.0 16 23
314.0 150.0 16 4
419.0 189.0 16 24
314.0 294.0 16 26
523.0 81.0 17 30
419.0 222.0 17 26
314.0 222.0 17 26
471.0 81.0 17 30
523.0 231.0 17 3
367.0 234.0 17 19
367.0 228.0 17 20
419.0 231.0 17 3
419.0 261.0 18 20
523.0 297.0 18 8
471.0 81.0 18 11
471.0 144.0 18 27
471.0 108.0 19 5
367.0 69.0 19 24
523.0 111.0 19 17
314.0 132.0 19 10
471.0 255.0 19 11
419.0 147.0 19 29
419.0 261.0 20 18
314.0 90.0 20 25
523.0 294.0 20 27
419.0 90.0 20 25
367.0 270.0 20 19
471.0 186.0 20 16
471.0 123.0 20 13
314.0 258.0 21 18
367.0 168.0 21 29
471.0 291.0 21 26
314.0 90.0 21 1
314.0 237.0 21 19
367.0 213.0 21 27
471.0 66.0 21 3
523.0 90.0 21 1
523.0 168.0 21 7
419.0 165.0 22 7
419.0 201.0 22 2
314.0 249.0 22 18
367.0 75.0 22 8
471.0 81.0 22 26
419.0 261.0 22 27
523.0 264.0 22 15
314.0 108.0 22 19
523.0 123.0 22 28
471.0 288.0 23 28
523.0 246.0 23 1
523.0 288.0 23 28
523.0 153.0 23 24
523.0 144.0 24 17
367.0 222.0 24 29
471.0 120.0 24 15
471.0 105.0 24 2
367.0 69.0 24 8
367.0 75.0 25 9
314.0 228.0 25 14
314.0 216.0 25 5
367.0 246.0 25 28
314.0 264.0 25 12
419.0 264.0 25 12
314.0 138.0 25 27
419.0 216.0 25 16
367.0 153.0 25 6
314.0 177.0 25 20
471.0 195.0 26 28
523.0 150.0 26 18
419.0 294.0 26 16
367.0 105.0 26 22
367.0 294.0 26 16
419.0 120.0 26 23
523.0 222.0 26 3
523.0 288.0 27 24
471.0 180.0 27 30
314.0 66.0 27 22
314.0 180.0 27 30
314.0 213.0 27 21
471.0 240.0 27 26
314.0 288.0 27 24
471.0 288.0 27 12
471.0 150.0 28 1
367.0 243.0 28 18
471.0 93.0 28 11
419.0 78.0 28 2
314.0 249.0 28 30
523.0 153.0 28 27
419.0 213.0 29 12
471.0 168.0 29 30
367.0 90.0 29 20
419.0 165.0 29 18
523.0 141.0 29 9
419.0 78.0 29 23
367.0 138.0 29 5
367.0 291.0 29 17
314.0 117.0 30 3
314.0 210.0 30 11
419.0 156.0 30 29
523.0 195.0 30 18
314.0 156.0 30 7
523.0 156.0 30 29
367.0 270.0 30 1
419.0 201.0 30 12
471.0 177.0 30 17
471.0 192.0 30 6

0 525 377 349 304 211 125 275 303 365 137 304 436 271 165 295 427 294 181 274 0 240 147 322 358 240 426 188 311 227 
0 525 377 349 304 211 125 275 303 365 137 304 436 271 165 295 427 294 181 274 378 0 147 322 358 240 426 188 311 227 
0 525 0 349 304 211 125 275 303 365 137 304 436 271 165 295 427 294 181 274 378 240 147 322 358 240 426 188 311 227 
0 0 377 349 304 211 125 275 303 365 137 304 436 271 165 295 427 294 181 274 378 240 147 322 358 240 426 188 311 227 
0 525 377 0 304 211 125 275 303 365 137 304 436 271 165 295 427 294 181 274 378 240 147 322 358 240 426 188 311 227 
0 525 377 349 304 211 125 275 303 365 137 304 436 271 165 295 427 294 181 0 378 240 147 322 358 240 426 188 311 227 
0 525 377 349 304 211 125 275 303 365 137 304 436 271 165 295 427 294 181 274 0 240 147 322 358 240 426 188 311 227 
0 525 377 349 304 211 125 275 303 365 0 304 436 271 165 295 427 294 181 274 378 240 147 322 358 240 426 188 311 227 
0 525 377 349 304 211 125 275 303 365 137 304 436 271 165 295 427 294 181 274 378 240 147 322 358 240 0 188 311 227 
210 0 504 522 649 358 452 678 348 0 244 150 377 268 397 666 594 505 433 433 578 249 574 439 301 401 134 143 502 501 
210 0 504 522 649 358 452 678 348 327 244 150 377 268 397 666 594 505 433 433 578 249 574 439 301 401 134 143 0 501 
210 0 504 522 649 358 452 678 348 327 244 150 0 268 397 666 594 505 433 433 578 249 574 439 301 401 134 143 502 501 
210 0 504 522 649 358 452 678 348 327 244 150 377 268 397 666 594 505 433 433 578 249 574 439 301 401 134 143 502 0 
210 0 504 522 649 358 0 678 348 327 244 150 377 268 397 666 594 505 433 433 578 249 574 439 301 401 134 143 502 501 
210 0 504 522 649 358 452 678 348 327 244 150 377 268 397 666 594 505 433 0 578 249 574 439 301 401 134 143 502 501 
210 0 504 522 649 358 452 678 348 327 244 150 377 268 397 666 594 505 433 433 578 0 574 439 301 401 134 143 502 501 
241 537 0 495 601 638 417 563 446 265 620 592 439 254 615 672 142 643 166 126 672 620 453 325 146 0 166 468 623 473 
241 537 0 495 601 638 417 563 446 265 620 592 439 254 615 672 142 643 166 126 672 620 453 325 0 152 166 468 623 473 
241 537 0 495 601 638 417 563 446 265 620 592 439 254 615 672 142 643 166 126 0 620 453 325 146 152 166 468 623 473 
241 537 0 495 601 638 417 563 446 265 620 592 439 254 615 672 142 643 166 126 672 0 453 325 146 152 166 468 623 473 
216 382 455 0 393 201 398 197 592 488 408 677 473 225 339 320 292 318 346 101 111 558 242 606 341 0 245 196 528 471 
216 382 455 0 393 0 398 197 592 488 408 677 473 225 339 320 292 318 346 101 111 558 242 606 341 676 245 196 528 471 
216 382 455 0 393 201 398 197 592 488 408 677 473 225 339 320 292 318 0 101 111 558 242 606 341 676 245 196 528 471 
216 382 455 0 393 201 398 197 592 488 408 677 473 225 0 320 292 318 346 101 111 558 242 606 341 676 245 196 528 471 
216 382 455 0 393 201 398 197 592 488 408 677 473 225 339 320 292 318 346 101 111 558 242 606 341 0 245 196 528 471 
216 382 455 0 393 201 398 197 592 488 408 677 473 225 339 320 292 318 346 101 111 558 242 0 341 676 245 196 528 471 
216 382 455 0 393 201 398 197 592 0 408 677 473 225 339 320 292 318 346 101 111 558 242 606 341 676 245 196 528 471 
216 382 455 0 393 201 398 197 592 488 408 677 473 225 339 0 292 318 346 101 111 558 242 606 341 676 245 196 528 471 
216 382 455 0 393 201 398 197 592 488 408 677 473 225 0 320 292 318 346 101 111 558 242 606 341 676 245 196 528 471 
216 382 455 0 0 201 398 197 592 488 408 677 473 225 339 320 292 318 346 101 111 558 242 606 341 676 245 196 528 471 
216 382 455 0 393 201 398 197 592 488 408 677 473 225 339 320 292 318 346 101 111 558 242 0 341 676 245 196 528 471 
549 432 443 193 0 356 288 504 335 320 362 457 532 460 167 242 386 0 639 555 390 285 109 219 303 258 270 479 259 494 
549 432 443 193 0 356 288 504 335 320 362 457 532 460 167 0 386 658 639 555 390 285 109 219 303 258 270 479 259 494 
549 432 443 193 0 356 288 504 335 320 362 457 532 460 167 242 386 658 639 555 390 285 109 219 0 258 270 479 259 494 
549 432 443 193 0 356 288 504 335 0 362 457 532 460 167 242 386 658 639 555 390 285 109 219 303 258 270 479 259 494 
549 432 443 193 0 356 288 504 335 0 362 457 532 460 167 242 386 658 639 555 390 285 109 219 303 258 270 479 259 494 
549 432 443 193 0 356 288 504 335 320 362 457 532 460 167 242 386 658 639 555 0 285 109 219 303 258 270 479 259 494 
549 432 443 193 0 356 0 504 335 320 362 457 532 460 167 242 386 658 639 555 390 285 109 219 303 258 270 479 259 494 
549 432 443 193 0 356 288 504 335 320 362 457 0 460 167 242 386 658 639 555 390 285 109 219 303 258 270 479 259 494 
604 699 589 138 418 0 383 0 460 387 635 311 656 691 541 506 227 161 239 586 607 671 446 213 171 312 492 148 378 589 
604 699 589 138 0 0 383 343 460 387 635 311 656 691 541 506 227 161 239 586 607 671 446 213 171 312 492 148 378 589 
604 699 589 138 418 0 383 343 460 387 635 311 656 691 541 506 227 161 239 586 607 671 446 213 171 312 492 148 378 0 
604 699 589 138 418 0 383 343 460 387 635 311 656 691 0 506 227 161 239 586 607 671 446 213 171 312 492 148 378 589 
604 699 589 138 418 0 383 343 460 387 0 311 656 691 541 506 227 161 239 586 607 671 446 213 171 312 492 148 378 589 
604 699 589 138 418 0 383 343 0 387 635 311 656 691 541 506 227 161 239 586 607 671 446 213 171 312 492 148 378 589 
604 699 589 138 418 0 383 343 460 387 635 311 656 691 541 506 227 161 0 586 607 671 446 213 171 312 492 148 378 589 
604 699 589 138 0 0 383 343 460 387 635 311 656 691 541 506 227 161 239 586 607 671 446 213 171 312 492 148 378 589 
604 699 589 138 418 0 383 343 460 387 635 311 656 691 541 506 227 161 239 586 607 671 446 213 171 312 492 148 378 0 
604 699 589 138 418 0 383 343 460 387 635 311 656 691 541 506 227 161 239 0 607 671 446 213 171 312 492 148 378 589 
311 0 380 668 179 692 0 377 430 258 499 633 683 180 502 170 517 610 612 201 557 379 350 681 341 617 669 345 380 102 
311 508 380 668 179 692 0 377 430 258 499 633 683 180 502 170 517 0 612 201 557 379 350 681 341 617 669 345 380 102 
311 508 380 668 179 692 0 377 430 258 499 633 683 180 502 170 517 610 612 201 557 379 350 681 341 617 669 345 0 102 
311 508 380 668 179 692 0 377 430 258 499 633 683 180 502 170 517 610 612 201 557 379 350 681 341 617 669 345 380 0 
311 508 380 668 179 692 0 377 430 0 499 633 683 180 502 170 517 610 612 201 557 379 350 681 341 617 669 345 380 102 
311 508 380 0 179 692 0 377 430 258 499 633 683 180 502 170 517 610 612 201 557 379 350 681 341 617 669 345 380 102 
311 508 380 668 179 692 0 377 0 258 499 633 683 180 502 170 517 610 612 201 557 379 350 681 341 617 669 345 380 102 
311 508 380 668 179 692 0 377 430 258 499 633 683 180 502 170 517 610 612 201 557 379 350 681 341 617 669 345 0 102 
529 255 367 529 556 674 482 0 141 249 686 379 216 356 577 511 152 296 250 403 489 175 105 233 516 409 249 445 362 0 
529 255 367 529 556 674 482 0 141 249 686 379 216 356 577 511 152 296 250 403 489 175 105 233 516 409 249 445 0 699 
529 255 367 529 556 674 482 0 141 249 686 379 0 356 577 511 152 296 250 403 489 175 105 233 516 409 249 445 362 699 
529 255 0 529 556 674 482 0 141 249 686 379 216 356 577 511 152 296 250 403 489 175 105 233 516 409 249 445 362 699 
529 255 367 529 556 674 0 0 141 249 686 379 216 356 577 511 152 296 250 403 489 175 105 233 516 409 249 445 362 699 
529 255 367 529 556 674 482 0 141 249 686 379 216 356 577 511 152 0 250 403 489 175 105 233 516 409 249 445 362 699 
529 255 367 529 556 674 482 0 141 249 686 379 216 356 577 511 152 296 250 403 489 175 105 233 0 409 249 445 362 699 
529 255 367 529 556 674 482 0 141 249 686 379 216 356 577 511 152 296 250 403 489 175 105 233 516 0 249 445 362 699 
529 255 367 529 556 0 482 0 141 249 686 379 216 356 577 511 152 296 250 403 489 175 105 233 516 409 249 445 362 699 
529 255 367 529 556 674 482 0 0 249 686 379 216 356 577 511 152 296 250 403 489 175 105 233 516 409 249 445 362 699 
0 255 367 529 556 674 482 0 141 249 686 379 216 356 577 511 152 296 250 403 489 175 105 233 516 409 249 445 362 699 
529 255 367 529 556 674 482 0 0 249 686 379 216 356 577 511 152 296 250 403 489 175 105 233 516 409 249 445 362 699 
330 579 374 347 692 367 136 479 0 621 433 597 591 139 339 284 405 494 424 500 191 588 122 425 574 672 672 0 543 517 
330 579 374 347 692 367 136 479 0 0 433 597 591 139 339 284 405 494 424 500 191 588 122 425 574 672 672 229 543 517 
330 579 374 347 692 367 136 479 0 621 433 597 591 139 339 284 405 494 424 500 191 588 0 425 574 672 672 229 543 517 
330 579 374 347 0 367 136 479 0 621 433 597 591 139 339 284 405 494 424 500 191 588 122 425 574 672 672 229 543 517 
227 114 524 420 331 238 374 429 234 0 304 264 409 0 263 195 102 411 122 610 212 627 674 105 349 222 227 119 298 294 
227 114 524 420 331 238 374 429 234 0 304 264 409 621 263 195 102 411 122 610 212 627 674 105 349 222 227 119 298 0 
227 114 524 420 331 238 374 429 234 0 0 264 409 621 263 195 102 411 122 610 212 627 674 105 349 222 227 119 298 294 
227 114 524 420 331 238 374 429 234 0 304 264 0 621 263 195 102 411 122 610 212 627 674 105 349 222 227 119 298 294 
227 114 524 420 331 238 374 429 234 0 304 264 0 621 263 195 102 411 122 610 212 627 674 105 349 222 227 119 298 294 
0 114 524 420 331 238 374 429 234 0 304 264 409 621 263 195 102 411 122 610 212 627 674 105 349 222 227 119 298 294 
227 114 524 420 331 238 374 429 234 0 304 264 409 621 263 195 102 411 122 610 212 627 674 0 349 222 227 119 298 294 
673 573 240 546 368 498 113 511 268 356 0 582 484 134 493 402 506 336 536 242 494 103 150 185 221 103 530 112 0 574 
673 573 240 546 368 498 113 0 268 356 0 582 484 134 493 402 506 336 536 242 494 103 150 185 221 103 530 112 283 574 
673 573 240 546 368 498 113 511 268 356 0 582 484 134 493 402 506 336 536 242 494 103 150 0 221 103 530 112 283 574 
673 573 240 546 368 498 113 511 268 356 0 582 484 134 493 402 506 336 536 242 494 0 150 185 221 103 530 112 283 574 
673 573 240 546 368 498 113 511 268 356 0 582 0 134 493 402 506 336 536 242 494 103 150 185 221 103 530 112 283 574 
673 573 0 546 368 498 113 511 268 356 0 582 484 134 493 402 506 336 536 242 494 103 150 185 221 103 530 112 283 574 
673 573 0 546 368 498 113 511 268 356 0 582 484 134 493 402 506 336 536 242 494 103 150 185 221 103 530 112 283 574 
673 573 240 546 368 498 113 511 268 356 0 582 484 134 493 402 506 336 536 242 494 103 150 0 221 103 530 112 283 574 
0 573 240 546 368 498 113 511 268 356 0 582 484 134 493 402 506 336 536 242 494 103 150 185 221 103 530 112 283 574 
673 573 240 546 368 498 113 511 268 356 0 582 484 134 493 402 0 336 536 242 494 103 150 185 221 103 530 112 283 574 
673 573 240 546 368 498 113 511 268 356 0 582 484 134 493 402 506 336 536 242 494 103 150 0 221 103 530 112 283 574 
673 573 240 546 368 498 113 511 268 356 0 582 484 134 493 402 0 336 536 242 494 103 150 185 221 103 530 112 283 574 
533 627 495 670 134 342 590 374 210 278 307 0 442 636 604 104 534 585 148 140 370 442 0 449 399 687 239 520 296 501 
533 627 495 670 134 342 590 374 210 278 307 0 442 636 604 104 534 585 148 140 370 442 108 0 399 687 239 520 296 501 
533 627 495 670 134 342 590 0 210 278 307 0 442 636 604 104 534 585 148 140 370 442 108 449 399 687 239 520 296 501 
533 627 0 670 134 342 590 374 210 278 307 0 442 636 604 104 534 585 148 140 370 442 108 449 399 687 239 520 296 501 
533 627 495 670 134 342 590 374 210 278 307 0 442 636 604 104 534 585 148 140 370 0 108 449 399 687 239 520 296 501 
533 627 495 670 134 342 590 374 210 278 0 0 442 636 604 104 534 585 148 140 370 442 108 449 399 687 239 520 296 501 
533 627 495 670 134 342 590 374 210 278 307 0 442 636 604 104 534 585 148 140 370 442 0 449 399 687 239 520 296 501 
533 627 495 670 134 342 590 374 210 278 307 0 442 636 604 104 534 585 148 140 370 442 108 449 399 687 239 520 296 0 
533 627 495 670 134 342 590 374 210 278 307 0 442 636 604 104 534 585 148 140 370 442 108 449 399 687 239 520 296 0 
242 100 699 579 478 480 559 615 516 325 664 304 0 535 499 389 495 306 203 459 415 210 208 538 462 190 280 549 679 0 
242 100 699 579 478 480 559 615 516 325 664 304 0 535 499 389 495 0 203 459 415 210 208 538 462 190 280 549 679 196 
242 100 0 579 478 480 559 615 516 325 664 304 0 535 499 389 495 306 203 459 415 210 208 538 462 190 280 549 679 196 
242 0 699 579 478 480 559 615 516 325 664 304 0 535 499 389 495 306 203 459 415 210 208 538 462 190 280 549 679 196 
242 100 699 579 478 480 559 615 516 325 664 304 0 535 499 389 495 0 203 459 415 210 208 538 462 190 280 549 679 196 
242 100 699 579 478 480 559 615 516 325 664 304 0 535 499 389 495 306 203 459 415 0 208 538 462 190 280 549 679 196 
242 100 699 579 478 480 0 615 516 325 664 304 0 535 499 389 495 306 203 459 415 210 208 538 462 190 280 549 679 196 
242 100 699 579 0 480 559 615 516 325 664 304 0 535 499 389 495 306 203 459 415 210 208 538 462 190 280 549 679 196 
658 247 390 0 518 497 559 336 347 192 699 245 289 0 523 280 519 340 378 363 356 513 650 637 153 376 645 359 542 270 
658 247 390 133 518 497 0 336 347 192 699 245 289 0 523 280 519 340 378 363 356 513 650 637 153 376 645 359 542 270 
658 247 390 133 518 497 559 336 347 192 699 245 289 0 523 280 0 340 378 363 356 513 650 637 153 376 645 359 542 270 
658 247 390 133 0 497 559 336 347 192 699 245 289 0 523 280 519 340 378 363 356 513 650 637 153 376 645 359 542 270 
658 247 390 133 518 497 559 336 347 192 699 245 289 0 523 280 519 340 378 363 356 513 650 637 153 376 645 0 542 270 
658 247 390 133 518 497 559 0 347 192 699 245 289 0 523 280 519 340 378 363 356 513 650 637 153 376 645 359 542 270 
0 247 390 133 518 497 559 336 347 192 699 245 289 0 523 280 519 340 378 363 356 513 650 637 153 376 645 359 542 270 
658 247 390 133 518 497 559 336 347 192 699 0 289 0 523 280 519 340 378 363 356 513 650 637 153 376 645 359 542 270 
658 247 390 133 518 497 559 336 347 192 699 0 289 0 523 280 519 340 378 363 356 513 650 637 153 376 645 359 542 270 
658 247 0 133 518 497 559 336 347 192 699 245 289 0 523 280 519 340 378 363 356 513 650 637 153 376 645 359 542 270 
222 452 362 230 538 386 695 236 666 227 253 238 285 342 0 133 391 162 389 203 688 123 420 479 0 558 261 469 474 301 
0 452 362 230 538 386 695 236 666 227 253 238 285 342 0 133 391 162 389 203 688 123 420 479 429 558 261 469 474 301 
222 452 362 230 538 386 695 0 666 227 253 238 285 342 0 133 391 162 389 203 688 123 420 479 429 558 261 469 474 301 
222 452 362 230 538 386 695 236 666 227 0 238 285 342 0 133 391 162 389 203 688 123 420 479 429 558 261 469 474 301 
222 452 362 230 538 386 695 236 666 227 253 238 285 342 0 133 391 162 389 203 688 123 420 479 429 0 261 469 474 301 
222 452 362 230 538 386 695 236 666 227 253 238 285 342 0 133 391 162 389 203 688 123 420 479 429 558 0 469 474 301 
222 452 362 230 538 386 695 236 666 227 253 238 285 342 0 133 391 162 389 203 688 123 420 479 429 558 261 469 0 301 
222 452 362 230 538 386 695 236 666 227 253 238 285 342 0 133 391 162 389 203 688 0 420 479 429 558 261 469 474 301 
222 452 362 0 538 386 695 236 666 227 253 238 285 342 0 133 391 162 389 203 688 123 420 479 429 558 261 469 474 301 
222 452 362 230 538 386 695 236 666 227 253 238 285 342 0 133 391 162 389 203 0 123 420 479 429 558 261 469 474 301 
222 452 362 230 538 386 695 236 666 227 253 238 285 342 0 133 391 162 389 203 688 123 420 0 429 558 261 469 474 301 
650 640 168 477 648 397 600 587 156 547 275 394 141 633 324 0 578 445 144 682 498 605 184 213 190 588 182 420 0 668 
650 640 168 477 648 397 600 587 156 547 275 394 141 633 324 0 578 445 144 682 498 605 0 213 190 588 182 420 699 668 
650 640 168 0 648 397 600 587 156 547 275 394 141 633 324 0 578 445 144 682 498 605 184 213 190 588 182 420 699 668 
650 640 168 477 648 397 600 587 156 547 275 394 141 633 324 0 578 445 144 682 498 605 184 0 190 588 182 420 699 668 
650 640 168 477 648 397 600 587 156 547 275 394 141 633 324 0 578 445 144 682 498 605 184 213 190 0 182 420 699 668 
242 121 375 306 334 186 615 280 523 589 192 408 566 295 566 687 0 408 105 275 323 339 239 247 619 319 350 318 538 0 
242 121 375 306 334 186 615 280 523 589 192 408 566 295 566 687 0 408 105 275 323 339 239 247 619 0 350 318 538 541 
242 121 375 306 334 186 615 280 523 589 192 408 566 295 566 687 0 408 105 275 323 339 239 247 619 0 350 318 538 541 
242 121 375 306 334 186 615 280 523 589 192 408 566 295 566 687 0 408 105 275 323 339 239 247 619 319 350 318 538 0 
242 121 0 306 334 186 615 280 523 589 192 408 566 295 566 687 0 408 105 275 323 339 239 247 619 319 350 318 538 541 
242 121 375 306 334 186 615 280 523 589 192 408 566 295 566 687 0 408 0 275 323 339 239 247 619 319 350 318 538 541 
242 121 375 306 334 186 615 280 523 589 192 408 566 295 566 687 0 408 105 0 323 339 239 247 619 319 350 318 538 541 
242 121 0 306 334 186 615 280 523 589 192 408 566 295 566 687 0 408 105 275 323 339 239 247 619 319 350 318 538 541 
210 351 423 619 377 448 195 318 695 263 440 366 663 363 211 531 483 0 482 0 285 665 116 205 201 634 508 226 663 367 
210 351 423 619 377 448 195 0 695 263 440 366 663 363 211 531 483 0 482 278 285 665 116 205 201 634 508 226 663 367 
210 351 423 619 377 448 195 318 695 263 0 366 663 363 211 531 483 0 482 278 285 665 116 205 201 634 508 226 663 367 
210 351 423 619 377 448 195 318 695 263 440 366 663 363 211 531 483 0 482 278 285 665 116 205 201 634 0 226 663 367 
238 423 464 538 0 688 670 374 186 394 323 637 362 420 283 628 506 680 0 126 660 169 230 389 312 273 678 686 638 109 
238 423 464 538 483 688 670 374 186 394 323 637 362 420 283 628 506 680 0 126 660 169 230 0 312 273 678 686 638 109 
238 423 464 538 483 688 670 374 186 394 323 637 362 420 283 628 0 680 0 126 660 169 230 389 312 273 678 686 638 109 
238 423 464 538 483 688 670 374 186 0 323 637 362 420 283 628 506 680 0 126 660 169 230 389 312 273 678 686 638 109 
238 423 464 538 483 688 670 374 186 394 0 637 362 420 283 628 506 680 0 126 660 169 230 389 312 273 678 686 638 109 
238 423 464 538 483 688 670 374 186 394 323 637 362 420 283 628 506 680 0 126 660 169 230 389 312 273 678 686 0 109 
103 155 484 276 233 196 393 470 132 325 221 227 690 162 581 347 616 0 351 0 360 124 363 686 551 259 612 442 518 586 
103 155 484 276 233 196 393 470 132 325 221 227 690 162 581 347 616 150 351 0 360 124 363 686 0 259 612 442 518 586 
103 155 484 276 233 196 393 470 132 325 221 227 690 162 581 347 616 150 351 0 360 124 363 686 551 259 0 442 518 586 
103 155 484 276 233 196 393 470 132 325 221 227 690 162 581 347 616 150 351 0 360 124 363 686 0 259 612 442 518 586 
103 155 484 276 233 196 393 470 132 325 221 227 690 162 581 347 616 150 0 0 360 124 363 686 551 259 612 442 518 586 
103 155 484 276 233 196 393 470 132 325 221 227 690 162 581 0 616 150 351 0 360 124 363 686 551 259 612 442 518 586 
103 155 484 276 233 196 393 470 132 325 221 227 0 162 581 347 616 150 351 0 360 124 363 686 551 259 612 442 518 586 
415 488 615 191 486 170 666 476 668 466 298 678 140 176 229 504 245 0 207 199 0 691 692 656 498 311 380 601 665 222 
415 488 615 191 486 170 666 476 668 466 298 678 140 176 229 504 245 350 207 199 0 691 692 656 498 311 380 601 0 222 
415 488 615 191 486 170 666 476 668 466 298 678 140 176 229 504 245 350 207 199 0 691 692 656 498 0 380 601 665 222 
0 488 615 191 486 170 666 476 668 466 298 678 140 176 229 504 245 350 207 199 0 691 692 656 498 311 380 601 665 222 
415 488 615 191 486 170 666 476 668 466 298 678 140 176 229 504 245 350 0 199 0 691 692 656 498 311 380 601 665 222 
415 488 615 191 486 170 666 476 668 466 298 678 140 176 229 504 245 350 207 199 0 691 692 656 498 311 0 601 665 222 
415 488 0 191 486 170 666 476 668 466 298 678 140 176 229 504 245 350 207 199 0 691 692 656 498 311 380 601 665 222 
0 488 615 191 486 170 666 476 668 466 298 678 140 176 229 504 245 350 207 199 0 691 692 656 498 311 380 601 665 222 
415 488 615 191 486 170 0 476 668 466 298 678 140 176 229 504 245 350 207 199 0 691 692 656 498 311 380 601 665 222 
588 375 150 190 380 126 0 429 267 582 618 140 595 651 324 425 285 246 487 202 186 0 105 599 413 439 208 519 189 315 
588 0 150 190 380 126 644 429 267 582 618 140 595 651 324 425 285 246 487 202 186 0 105 599 413 439 208 519 189 315 
588 375 150 190 380 126 644 429 267 582 618 140 595 651 324 425 285 0 487 202 186 0 105 599 413 439 208 519 189 315 
588 375 150 190 380 126 644 0 267 582 618 140 595 651 324 425 285 246 487 202 186 0 105 599 413 439 208 519 189 315 
588 375 150 190 380 126 644 429 267 582 618 140 595 651 324 425 285 246 487 202 186 0 105 599 413 0 208 519 189 315 
588 375 150 190 380 126 644 429 267 582 618 140 595 651 324 425 285 246 487 202 186 0 105 599 413 439 0 519 189 315 
588 375 150 190 380 126 644 429 267 582 618 140 595 651 0 425 285 246 487 202 186 0 105 599 413 439 208 519 189 315 
588 375 150 190 380 126 644 429 267 582 618 140 595 651 324 425 285 246 0 202 186 0 105 599 413 439 208 519 189 315 
588 375 150 190 380 126 644 429 267 582 618 140 595 651 324 425 285 246 487 202 186 0 105 599 413 439 208 0 189 315 
211 283 390 337 344 445 114 453 485 579 108 157 363 322 529 253 494 217 678 127 545 420 0 493 373 574 314 0 164 107 
0 283 390 337 344 445 114 453 485 579 108 157 363 322 529 253 494 217 678 127 545 420 0 493 373 574 314 337 164 107 
211 283 390 337 344 445 114 453 485 579 108 157 363 322 529 253 494 217 678 127 545 420 0 493 373 574 314 0 164 107 
211 283 390 337 344 445 114 453 485 579 108 157 363 322 529 253 494 217 678 127 545 420 0 0 373 574 314 337 164 107 
438 657 503 336 111 386 637 605 412 572 144 657 128 518 467 661 0 430 447 214 313 368 538 0 257 354 176 444 169 694 
438 657 503 336 111 386 637 605 412 572 144 657 128 518 467 661 429 430 447 214 313 368 538 0 257 354 176 444 0 694 
438 657 503 336 111 386 637 605 412 572 144 657 128 518 0 661 429 430 447 214 313 368 538 0 257 354 176 444 169 694 
438 0 503 336 111 386 637 605 412 572 144 657 128 518 467 661 429 430 447 214 313 368 538 0 257 354 176 444 169 694 
438 657 503 336 111 386 637 0 412 572 144 657 128 518 467 661 429 430 447 214 313 368 538 0 257 354 176 444 169 694 
587 599 341 635 111 659 317 216 0 156 546 110 666 241 133 167 617 233 239 441 375 603 144 519 0 555 586 484 621 265 
587 599 341 635 111 659 317 216 436 156 546 110 666 0 133 167 617 233 239 441 375 603 144 519 0 555 586 484 621 265 
587 599 341 635 0 659 317 216 436 156 546 110 666 241 133 167 617 233 239 441 375 603 144 519 0 555 586 484 621 265 
587 599 341 635 111 659 317 216 436 156 546 110 666 241 133 167 617 233 239 441 375 603 144 519 0 555 586 0 621 265 
587 599 341 635 111 659 317 216 436 156 546 0 666 241 133 167 617 233 239 441 375 603 144 519 0 555 586 484 621 265 
587 599 341 635 111 659 317 216 436 156 546 0 666 241 133 167 617 233 239 441 375 603 144 519 0 555 586 484 621 265 
587 599 341 635 111 659 317 216 436 156 546 110 666 241 133 167 617 233 239 441 375 603 144 519 0 555 0 484 621 265 
587 599 341 635 111 659 317 216 436 156 546 110 666 241 133 0 617 233 239 441 375 603 144 519 0 555 586 484 621 265 
587 599 341 635 111 0 317 216 436 156 546 110 666 241 133 167 617 233 239 441 375 603 144 519 0 555 586 484 621 265 
587 599 341 635 111 659 317 216 436 156 546 110 666 241 133 167 617 233 239 0 375 603 144 519 0 555 586 484 621 265 
195 255 373 159 653 153 555 380 476 125 313 384 362 219 120 223 275 614 428 663 483 575 402 392 422 0 624 0 147 219 
195 255 373 159 653 153 555 380 476 125 313 384 362 219 120 223 275 0 428 663 483 575 402 392 422 0 624 184 147 219 
195 255 373 159 653 153 555 380 476 125 313 384 362 219 120 0 275 614 428 663 483 575 402 392 422 0 624 184 147 219 
195 255 373 159 653 153 555 380 476 125 313 384 362 219 120 223 275 614 428 663 483 0 402 392 422 0 624 184 147 219 
195 255 373 159 653 153 555 380 476 125 313 384 362 219 120 0 275 614 428 663 483 575 402 392 422 0 624 184 147 219 
195 255 373 159 653 153 555 380 476 125 313 384 362 219 120 223 275 614 428 663 483 575 0 392 422 0 624 184 147 219 
195 255 0 159 653 153 555 380 476 125 313 384 362 219 120 223 275 614 428 663 483 575 402 392 422 0 624 184 147 219 
117 145 395 254 628 557 680 161 397 521 123 102 429 479 300 484 325 525 199 171 343 434 197 0 384 219 0 694 555 129 
117 145 395 254 628 557 680 161 397 521 123 102 429 479 300 484 325 525 199 171 343 434 197 221 384 219 0 694 555 0 
117 145 395 254 628 557 680 161 397 521 123 102 429 479 300 484 325 525 199 171 343 0 197 221 384 219 0 694 555 129 
117 145 395 254 628 557 680 161 397 521 123 102 429 479 300 484 325 525 199 171 343 434 197 221 384 219 0 694 555 0 
117 145 395 254 628 557 680 161 397 521 123 102 429 479 300 484 325 525 199 171 0 434 197 221 384 219 0 694 555 129 
117 145 395 254 628 557 680 161 397 521 123 102 429 479 300 484 325 525 199 171 343 434 197 221 384 0 0 694 555 129 
117 145 395 254 628 557 680 161 397 521 123 102 429 479 300 484 325 525 199 171 343 434 197 0 384 219 0 694 555 129 
117 145 395 254 628 557 680 161 397 521 123 0 429 479 300 484 325 525 199 171 343 434 197 221 384 219 0 694 555 129 
0 580 426 383 692 458 608 203 592 660 399 316 650 193 132 280 583 106 380 418 593 646 269 181 231 238 428 0 278 296 
465 580 426 383 692 458 608 203 592 660 399 316 650 193 132 280 583 0 380 418 593 646 269 181 231 238 428 0 278 296 
465 580 426 383 692 458 608 203 592 660 0 316 650 193 132 280 583 106 380 418 593 646 269 181 231 238 428 0 278 296 
465 0 426 383 692 458 608 203 592 660 399 316 650 193 132 280 583 106 380 418 593 646 269 181 231 238 428 0 278 296 
465 580 426 383 692 458 608 203 592 660 399 316 650 193 132 280 583 106 380 418 593 646 269 181 231 238 428 0 278 0 
465 580 426 383 692 458 608 203 592 660 399 316 650 193 132 280 583 106 380 418 593 646 269 181 231 238 0 0 278 296 
460 360 679 444 697 313 184 151 627 486 417 0 309 539 610 176 232 571 483 491 608 624 447 649 441 556 555 294 0 456 
460 360 679 444 697 313 184 151 627 486 417 331 309 539 610 176 232 571 483 491 608 624 447 649 441 556 555 294 0 0 
460 360 679 444 697 313 184 151 627 486 417 331 309 539 610 176 232 571 483 0 608 624 447 649 441 556 555 294 0 456 
460 360 679 444 697 313 184 151 627 486 417 331 309 539 610 176 232 0 483 491 608 624 447 649 441 556 555 294 0 456 
460 360 679 444 697 313 184 151 0 486 417 331 309 539 610 176 232 571 483 491 608 624 447 649 441 556 555 294 0 456 
460 360 679 444 697 313 184 151 627 486 417 331 309 539 610 176 232 571 483 491 608 624 0 649 441 556 555 294 0 456 
460 360 679 444 0 313 184 151 627 486 417 331 309 539 610 176 232 571 483 491 608 624 447 649 441 556 555 294 0 456 
460 360 679 444 697 313 184 151 627 486 417 331 309 539 610 176 0 571 483 491 608 624 447 649 441 556 555 294 0 456 
354 413 0 270 126 175 582 263 102 523 288 337 252 593 362 144 385 203 194 350 151 177 304 576 267 264 688 331 677 0 
354 413 654 270 126 175 582 263 102 523 0 337 252 593 362 144 385 203 194 350 151 177 304 576 267 264 688 331 677 0 
354 413 654 270 126 175 582 263 102 523 288 337 252 593 362 144 385 203 194 350 151 177 304 576 267 264 688 331 0 0 
354 413 654 270 126 175 582 263 102 523 288 337 252 593 362 144 385 0 194 350 151 177 304 576 267 264 688 331 677 0 
354 413 654 270 126 175 0 263 102 523 288 337 252 593 362 144 385 203 194 350 151 177 304 576 267 264 688 331 677 0 
354 413 654 270 126 175 582 263 102 523 288 337 252 593 362 144 385 203 194 350 151 177 304 576 267 264 688 331 0 0 
0 413 654 270 126 175 582 263 102 523 288 337 252 593 362 144 385 203 194 350 151 177 304 576 267 264 688 331 677 0 
354 413 654 270 126 175 582 263 102 523 288 0 252 593 362 144 385 203 194 350 151 177 304 576 267 264 688 331 677 0 
354 413 654 270 126 175 582 263 102 523 288 337 252 593 362 144 0 203 194 350 151 177 304 576 267 264 688 331 677 0 
354 413 654 270 126 0 582 263 102 523 288 337 252 593 362 144 385 203 194 350 151 177 304 576 267 264 688 331 677 0 

7176.0
1 0.0 0.0
2 402.0 36.0
3 537.0 33.0
4 565.0 56.0
5 509.0 50.0
6 425.0 45.0
7 454.0 40.0
8 520.0 50.0
9 492.0 49.0
10 539.0 37.0
11 588.0 39.0
12 591.0 56.0
13 466.0 35.0
14 459.0 44.0
15 538.0 39.0
16 470.0 38.0
17 565.0 33.0
18 405.0 36.0
19 526.0 56.0
20 586.0 54.0
21 435.0 52.0
22 416.0 55.0
23 481.0 55.0
24 523.0 52.0
25 497.0 46.0
26 540.0 33.0
27 551.0 40.0
28 418.0 52.0
29 449.0 56.0
30 405.0 53.0
