30 324 4

0 216 184 415 373 367 255 544 112 133 195 157 486 361 193 455 482 305 442 427 265 342 280 163 154 143 350 169 136 524 
545 0 341 385 538 472 598 452 496 109 273 177 265 140 259 249 141 373 416 506 277 355 192 430 236 448 270 319 200 569 
372 163 0 102 578 599 417 286 456 528 436 359 478 375 285 371 534 532 496 166 173 156 421 514 374 119 547 220 125 432 
578 477 298 0 520 167 512 106 533 496 448 414 315 595 129 104 558 319 309 175 564 419 533 342 513 288 150 317 313 529 
198 159 201 266 0 272 422 478 464 401 581 467 568 440 335 310 132 465 472 114 189 165 521 484 340 122 303 181 498 207 
225 308 427 208 547 0 325 358 296 455 585 259 162 270 301 210 154 263 494 340 569 577 251 581 265 503 564 429 457 225 
142 305 576 351 311 337 0 364 393 360 579 473 506 274 279 319 321 426 254 498 559 149 358 134 328 225 104 240 105 162 
177 401 571 381 483 393 513 0 243 231 334 236 473 305 307 351 452 112 184 299 340 128 457 525 155 274 235 552 136 353 
235 338 169 268 146 226 290 141 0 194 400 271 190 476 276 530 475 370 487 539 322 548 424 441 495 158 527 243 204 342 
394 207 366 232 328 314 587 354 565 0 437 199 159 345 356 321 456 170 534 374 139 276 512 378 255 247 143 496 128 247 
557 249 276 225 380 145 516 478 415 296 0 323 229 238 328 232 394 273 412 394 390 332 531 116 131 134 379 107 420 496 
267 265 551 182 520 168 243 405 335 552 472 0 468 470 374 565 544 214 238 397 110 292 379 283 181 243 307 141 274 113 
290 217 501 508 321 133 477 509 480 316 327 356 0 459 134 408 194 498 106 377 103 464 288 336 216 111 198 534 509 399 
228 239 229 441 527 322 142 418 571 214 121 121 385 0 135 183 185 492 155 562 276 216 276 256 594 597 430 444 218 234 
185 296 336 206 493 494 195 265 331 379 533 159 542 394 0 266 110 351 114 238 590 301 397 324 586 204 368 516 150 313 
328 235 520 275 455 582 117 265 208 405 148 468 325 503 115 0 397 507 388 566 224 539 522 244 435 363 485 440 203 337 
514 333 168 309 539 599 520 227 310 419 458 203 551 543 465 153 0 347 398 425 237 591 333 578 135 418 270 461 517 168 
236 167 573 596 473 507 534 570 528 444 548 446 542 273 256 428 328 0 554 318 269 395 528 474 578 448 409 394 281 544 
518 329 333 531 469 233 559 258 355 295 451 174 379 245 352 168 333 326 0 457 171 187 162 121 456 502 148 502 431 420 
531 110 422 322 453 547 599 537 109 426 487 595 569 127 154 280 576 299 303 0 503 413 342 429 163 287 599 148 446 542 
111 289 141 127 271 364 570 125 475 352 147 136 532 466 108 391 521 136 553 259 0 559 593 433 150 534 409 404 562 200 
387 276 277 368 451 310 494 211 102 373 196 265 209 527 160 135 302 161 429 382 263 0 336 559 280 377 374 135 106 208 
572 399 554 292 261 335 522 448 329 388 235 272 127 194 516 343 245 367 311 183 443 483 0 482 519 119 103 358 218 191 
586 334 502 120 153 435 449 104 291 257 457 516 133 181 387 545 291 521 249 337 574 434 336 0 496 350 113 177 440 453 
374 502 435 115 169 170 316 101 174 357 442 501 532 533 357 496 343 157 358 279 452 104 514 440 0 341 115 151 241 438 
149 440 351 358 384 403 561 332 524 116 203 567 436 202 198 100 241 554 126 159 383 371 343 340 539 0 298 535 477 283 
109 440 178 234 387 542 460 572 333 123 162 369 596 311 286 462 376 361 377 588 592 295 243 230 555 470 0 562 519 395 
513 333 260 256 552 280 552 345 158 291 349 220 492 109 257 152 593 571 167 545 542 138 503 327 591 218 564 0 291 493 
241 523 394 315 505 478 256 132 181 225 286 171 115 393 257 509 291 539 316 196 339 567 220 241 552 118 103 530 0 500 
482 482 506 179 572 260 569 393 137 104 228 333 362 286 360 480 515 519 508 256 152 120 110 365 194 294 123 407 591 0 

0 38 47 46 49 82 36 68 68 42 30 37 31 64 60 39 49 84 32 84 42 42 81 89 67 59 65 38 50 89 
55 0 70 58 87 65 53 36 54 32 97 81 99 50 57 60 70 99 58 44 31 66 85 39 45 74 89 50 87 81 
62 94 0 99 52 80 60 31 84 92 65 72 93 82 92 73 81 49 88 92 91 91 95 66 70 31 50 74 76 63 
99 38 77 0 85 69 49 79 81 39 45 35 74 56 69 54 77 87 86 45 63 85 59 35 91 98 45 89 84 56 
59 37 36 55 0 34 91 43 36 32 81 70 82 82 78 74 77 68 55 31 85 78 82 65 96 78 58 88 40 94 
81 50 32 74 45 0 45 54 37 51 95 85 77 53 47 60 45 68 32 69 55 66 53 72 93 72 40 93 70 31 
48 82 93 66 78 34 0 77 81 80 39 92 70 35 38 80 62 88 34 42 93 85 61 49 56 61 79 62 37 89 
85 46 83 53 90 45 37 0 81 61 60 96 30 54 76 88 93 41 87 74 31 87 47 46 64 33 76 42 64 64 
40 52 88 71 58 71 51 81 0 76 36 59 92 35 45 59 91 98 98 88 70 67 80 62 76 72 31 48 68 47 
89 63 65 35 99 52 75 95 46 0 63 53 46 34 53 89 96 86 58 65 72 78 67 31 63 96 48 55 89 73 
82 53 99 44 96 83 83 45 98 70 0 85 59 47 56 70 46 80 61 33 90 89 42 58 82 84 97 56 89 83 
87 53 31 74 38 61 96 42 73 98 60 0 39 80 49 49 59 67 86 84 97 62 72 73 35 97 46 35 49 33 
51 83 93 76 33 53 99 97 56 32 44 33 0 62 35 76 32 74 79 91 38 52 60 31 96 63 49 67 50 43 
87 36 47 30 65 82 92 62 37 45 85 60 51 0 76 97 40 86 96 53 64 70 51 74 43 76 51 69 46 99 
37 81 48 35 30 91 80 38 30 54 56 67 54 39 0 92 92 62 42 84 85 33 49 68 31 49 89 58 70 31 
49 57 73 33 55 42 50 60 65 78 43 78 70 91 33 0 34 47 61 41 48 60 32 94 62 54 73 95 33 53 
80 96 96 76 60 73 70 83 43 44 60 67 54 41 68 59 0 97 49 71 99 69 91 64 92 39 43 65 65 90 
70 70 45 47 42 39 33 45 72 67 97 93 41 40 81 37 65 0 72 86 33 57 62 66 94 58 81 58 33 35 
88 55 75 61 70 90 30 84 73 85 41 59 70 39 80 97 66 76 0 32 46 54 43 58 79 41 65 75 67 83 
96 53 58 55 36 57 70 57 76 95 46 75 72 74 57 52 84 92 76 0 85 53 55 39 70 52 93 35 77 99 
84 36 74 91 71 44 76 65 85 68 78 99 99 87 75 34 92 53 32 44 0 38 58 82 62 85 49 92 81 48 
74 45 78 77 84 58 90 91 71 91 58 59 87 37 40 66 34 90 57 50 33 0 42 33 92 43 85 97 51 75 
93 91 87 79 76 48 60 54 64 63 48 98 95 42 56 44 95 71 90 47 75 45 0 89 99 59 42 84 78 60 
96 99 78 37 41 48 62 78 54 42 67 56 56 31 49 81 34 97 58 68 47 62 93 0 93 46 72 54 69 50 
49 82 58 61 56 50 74 47 52 50 50 83 52 93 69 94 99 86 53 42 34 78 34 86 0 94 66 81 97 91 
74 63 81 64 87 39 32 79 88 44 59 61 69 60 86 33 88 78 67 35 35 99 81 82 35 0 65 54 94 84 
60 95 39 89 32 71 71 98 90 58 48 84 45 49 97 67 36 89 35 69 46 93 30 48 50 63 0 46 50 74 
40 66 68 68 54 69 38 61 39 91 76 34 37 44 35 76 84 91 71 86 96 59 97 78 79 59 56 0 36 56 
68 46 81 60 47 44 40 58 91 85 64 65 79 61 97 30 76 93 83 99 33 43 59 52 82 43 50 84 0 94 
57 70 95 83 82 79 55 81 93 53 51 46 31 74 39 64 86 66 80 92 97 86 40 61 96 99 87 61 72 0 

513.0 96.0 1 19
359.0 204.0 1 8
462.0 252.0 1 18
359.0 204.0 1 9
359.0 177.0 1 26
462.0 114.0 1 2
513.0 252.0 1 18
410.0 177.0 1 26
513.0 252.0 1 18
308.0 186.0 1 24
410.0 195.0 2 6
462.0 135.0 2 25
359.0 210.0 2 3
462.0 255.0 2 23
410.0 150.0 2 14
308.0 171.0 2 15
410.0 150.0 2 14
513.0 93.0 2 21
308.0 132.0 2 20
513.0 135.0 2 25
410.0 216.0 3 12
513.0 297.0 3 4
308.0 240.0 3 6
513.0 180.0 3 7
513.0 195.0 3 11
410.0 228.0 3 29
410.0 228.0 3 29
462.0 276.0 3 20
308.0 93.0 3 26
513.0 210.0 3 25
462.0 240.0 3 6
513.0 216.0 3 12
359.0 276.0 3 15
359.0 252.0 3 9
513.0 243.0 3 17
462.0 276.0 3 20
410.0 297.0 4 1
308.0 207.0 4 15
359.0 147.0 4 7
513.0 114.0 4 2
513.0 243.0 4 9
359.0 117.0 4 10
359.0 117.0 4 10
359.0 267.0 4 28
359.0 135.0 4 11
308.0 255.0 4 22
513.0 264.0 5 28
513.0 120.0 5 29
513.0 246.0 5 14
462.0 195.0 5 24
462.0 120.0 5 29
359.0 264.0 5 28
359.0 204.0 5 18
462.0 204.0 5 18
359.0 111.0 5 2
513.0 174.0 5 27
359.0 129.0 5 8
462.0 246.0 5 13
462.0 162.0 6 8
513.0 141.0 6 15
462.0 135.0 6 17
410.0 153.0 6 10
359.0 141.0 6 15
513.0 285.0 6 11
462.0 162.0 6 8
410.0 135.0 6 17
513.0 159.0 6 23
410.0 255.0 7 22
359.0 210.0 7 13
410.0 255.0 7 22
359.0 102.0 7 6
308.0 186.0 7 28
359.0 117.0 7 11
359.0 255.0 7 22
308.0 183.0 7 26
410.0 279.0 7 21
410.0 105.0 7 14
308.0 186.0 7 28
308.0 240.0 7 10
462.0 246.0 7 2
462.0 210.0 7 13
359.0 234.0 7 5
513.0 186.0 7 17
359.0 183.0 7 26
410.0 138.0 8 2
308.0 192.0 8 25
359.0 279.0 8 17
410.0 111.0 8 7
359.0 123.0 8 18
462.0 192.0 8 30
359.0 123.0 8 18
359.0 183.0 8 10
308.0 288.0 8 12
359.0 255.0 8 1
410.0 192.0 8 25
308.0 111.0 8 7
462.0 141.0 8 23
410.0 228.0 8 15
513.0 228.0 8 15
462.0 93.0 8 21
462.0 192.0 8 29
513.0 288.0 8 12
308.0 261.0 8 22
410.0 174.0 9 5
513.0 228.0 9 10
308.0 294.0 9 18
462.0 264.0 9 3
410.0 294.0 9 19
308.0 273.0 9 17
359.0 276.0 9 13
513.0 201.0 9 22
410.0 108.0 9 11
359.0 228.0 9 10
410.0 144.0 9 28
359.0 216.0 9 26
513.0 264.0 9 20
513.0 204.0 9 29
308.0 213.0 9 6
308.0 105.0 9 14
410.0 201.0 9 22
410.0 144.0 9 28
410.0 216.0 10 21
410.0 189.0 10 11
513.0 201.0 10 23
359.0 156.0 10 6
308.0 201.0 10 23
513.0 168.0 11 28
308.0 141.0 11 14
410.0 288.0 11 5
513.0 174.0 11 24
462.0 267.0 11 29
359.0 159.0 12 2
513.0 180.0 12 11
308.0 99.0 12 30
359.0 183.0 12 6
513.0 93.0 12 3
308.0 201.0 12 18
462.0 114.0 12 5
359.0 180.0 12 11
359.0 147.0 12 16
410.0 147.0 12 15
359.0 105.0 12 28
513.0 180.0 12 11
462.0 288.0 12 7
308.0 261.0 12 1
410.0 177.0 12 17
462.0 228.0 13 4
410.0 228.0 13 4
308.0 132.0 13 11
462.0 159.0 13 6
462.0 150.0 13 29
410.0 147.0 13 27
513.0 132.0 13 11
462.0 186.0 13 14
308.0 297.0 13 7
462.0 291.0 13 8
410.0 189.0 13 26
359.0 93.0 13 24
308.0 180.0 13 23
308.0 228.0 13 4
462.0 156.0 13 22
462.0 153.0 14 27
513.0 291.0 14 16
359.0 108.0 14 2
513.0 207.0 14 28
462.0 99.0 15 22
308.0 252.0 15 20
359.0 114.0 15 8
462.0 267.0 15 27
308.0 174.0 15 28
462.0 144.0 15 3
359.0 105.0 15 4
462.0 147.0 15 26
359.0 201.0 15 12
462.0 276.0 15 17
462.0 273.0 15 6
359.0 99.0 15 22
513.0 147.0 15 23
513.0 93.0 15 30
410.0 147.0 15 23
359.0 252.0 15 20
462.0 255.0 15 21
308.0 117.0 15 14
308.0 99.0 16 4
410.0 129.0 16 11
359.0 273.0 16 14
308.0 162.0 16 26
410.0 162.0 16 26
513.0 234.0 16 12
513.0 123.0 16 20
462.0 99.0 16 15
359.0 144.0 16 21
410.0 282.0 16 24
410.0 126.0 16 6
462.0 150.0 16 7
359.0 282.0 16 24
359.0 150.0 16 7
410.0 96.0 16 23
359.0 162.0 17 13
513.0 291.0 17 18
410.0 276.0 17 25
359.0 201.0 17 12
359.0 276.0 17 25
513.0 228.0 17 4
410.0 288.0 17 2
462.0 117.0 17 26
359.0 297.0 17 21
513.0 204.0 17 15
308.0 126.0 18 5
359.0 243.0 18 15
513.0 111.0 18 16
410.0 141.0 18 4
462.0 282.0 18 25
462.0 210.0 18 1
308.0 105.0 18 30
513.0 123.0 18 13
513.0 99.0 18 29
308.0 210.0 18 2
513.0 111.0 18 16
359.0 174.0 18 28
308.0 216.0 18 9
462.0 225.0 19 28
308.0 198.0 19 17
410.0 123.0 19 26
513.0 90.0 19 7
308.0 165.0 20 4
462.0 228.0 20 19
410.0 117.0 20 24
410.0 279.0 20 27
308.0 210.0 20 7
359.0 171.0 20 6
410.0 156.0 20 16
513.0 159.0 20 22
462.0 255.0 20 21
359.0 228.0 21 7
308.0 261.0 21 14
359.0 108.0 21 2
410.0 252.0 21 1
359.0 174.0 21 23
462.0 276.0 22 25
513.0 261.0 22 13
513.0 99.0 22 21
410.0 276.0 22 25
513.0 198.0 22 16
462.0 129.0 22 26
410.0 252.0 22 5
410.0 234.0 22 3
359.0 126.0 22 23
308.0 198.0 22 16
462.0 153.0 22 29
410.0 273.0 23 2
359.0 144.0 23 6
359.0 141.0 23 20
513.0 234.0 23 29
410.0 234.0 24 3
308.0 162.0 24 9
410.0 111.0 24 4
513.0 168.0 24 12
462.0 297.0 24 2
359.0 186.0 24 22
462.0 243.0 24 16
513.0 168.0 24 12
359.0 102.0 24 17
462.0 150.0 25 10
410.0 291.0 25 29
410.0 150.0 25 11
308.0 279.0 25 14
308.0 297.0 25 17
410.0 150.0 25 11
513.0 234.0 25 22
462.0 150.0 25 11
308.0 279.0 25 14
359.0 183.0 25 4
513.0 102.0 25 23
308.0 150.0 25 10
410.0 246.0 25 2
410.0 102.0 25 21
462.0 258.0 25 18
462.0 150.0 25 11
410.0 183.0 25 4
359.0 102.0 25 21
359.0 189.0 26 2
513.0 234.0 26 18
410.0 195.0 26 27
359.0 252.0 26 30
359.0 96.0 26 7
410.0 183.0 26 12
410.0 162.0 26 28
410.0 243.0 26 23
359.0 222.0 26 1
308.0 105.0 26 20
513.0 264.0 26 17
308.0 135.0 27 13
410.0 150.0 27 25
462.0 138.0 27 21
359.0 180.0 27 1
308.0 288.0 28 21
513.0 111.0 28 13
513.0 234.0 28 24
513.0 213.0 28 19
462.0 273.0 28 10
359.0 177.0 28 26
462.0 111.0 28 13
359.0 237.0 28 25
462.0 258.0 28 20
410.0 204.0 28 4
513.0 108.0 28 29
410.0 273.0 29 9
410.0 273.0 29 9
462.0 246.0 29 25
410.0 249.0 29 19
513.0 279.0 29 18
513.0 282.0 29 30
410.0 132.0 29 6
359.0 183.0 29 14
513.0 180.0 29 4
410.0 129.0 29 26
513.0 276.0 30 20
359.0 120.0 30 23
410.0 120.0 30 23
462.0 93.0 30 13
308.0 258.0 30 22
513.0 240.0 30 19
359.0 285.0 30 3

0 216 184 269 258 324 255 253 112 133 195 157 251 278 193 243 303 303 0 302 265 258 280 163 154 143 239 169 136 270 
0 216 184 269 258 324 255 0 112 133 195 157 251 278 193 243 303 303 269 302 265 258 280 163 154 143 239 169 136 270 
0 216 184 269 258 324 255 253 112 133 195 157 251 278 193 243 303 0 269 302 265 258 280 163 154 143 239 169 136 270 
0 216 184 269 258 324 255 253 0 133 195 157 251 278 193 243 303 303 269 302 265 258 280 163 154 143 239 169 136 270 
0 216 184 269 258 324 255 253 112 133 195 157 251 278 193 243 303 303 269 302 265 258 280 163 154 0 239 169 136 270 
0 0 184 269 258 324 255 253 112 133 195 157 251 278 193 243 303 303 269 302 265 258 280 163 154 143 239 169 136 270 
0 216 184 269 258 324 255 253 112 133 195 157 251 278 193 243 303 0 269 302 265 258 280 163 154 143 239 169 136 270 
0 216 184 269 258 324 255 253 112 133 195 157 251 278 193 243 303 303 269 302 265 258 280 163 154 0 239 169 136 270 
0 216 184 269 258 324 255 253 112 133 195 157 251 278 193 243 303 0 269 302 265 258 280 163 154 143 239 169 136 270 
0 216 184 269 258 324 255 253 112 133 195 157 251 278 193 243 303 303 269 302 265 258 280 0 154 143 239 169 136 270 
545 0 341 385 538 0 598 452 496 109 273 177 265 140 259 249 141 373 416 506 277 355 192 430 236 448 270 319 200 569 
545 0 341 385 538 472 598 452 496 109 273 177 265 140 259 249 141 373 416 506 277 355 192 430 0 448 270 319 200 569 
545 0 0 385 538 472 598 452 496 109 273 177 265 140 259 249 141 373 416 506 277 355 192 430 236 448 270 319 200 569 
545 0 341 385 538 472 598 452 496 109 273 177 265 140 259 249 141 373 416 506 277 355 0 430 236 448 270 319 200 569 
545 0 341 385 538 472 598 452 496 109 273 177 265 0 259 249 141 373 416 506 277 355 192 430 236 448 270 319 200 569 
545 0 341 385 538 472 598 452 496 109 273 177 265 140 0 249 141 373 416 506 277 355 192 430 236 448 270 319 200 569 
545 0 341 385 538 472 598 452 496 109 273 177 265 0 259 249 141 373 416 506 277 355 192 430 236 448 270 319 200 569 
545 0 341 385 538 472 598 452 496 109 273 177 265 140 259 249 141 373 416 506 0 355 192 430 236 448 270 319 200 569 
545 0 341 385 538 472 598 452 496 109 273 177 265 140 259 249 141 373 416 0 277 355 192 430 236 448 270 319 200 569 
545 0 341 385 538 472 598 452 496 109 273 177 265 140 259 249 141 373 416 506 277 355 192 430 0 448 270 319 200 569 
372 163 0 102 578 599 417 286 456 528 436 0 478 375 285 371 534 532 496 166 173 156 421 514 374 119 547 220 125 432 
372 163 0 0 578 599 417 286 456 528 436 359 478 375 285 371 534 532 496 166 173 156 421 514 374 119 547 220 125 432 
372 163 0 102 578 0 417 286 456 528 436 359 478 375 285 371 534 532 496 166 173 156 421 514 374 119 547 220 125 432 
372 163 0 102 578 599 0 286 456 528 436 359 478 375 285 371 534 532 496 166 173 156 421 514 374 119 547 220 125 432 
372 163 0 102 578 599 417 286 456 528 0 359 478 375 285 371 534 532 496 166 173 156 421 514 374 119 547 220 125 432 
372 163 0 102 578 599 417 286 456 528 436 359 478 375 285 371 534 532 496 166 173 156 421 514 374 119 547 220 0 432 
372 163 0 102 578 599 417 286 456 528 436 359 478 375 285 371 534 532 496 166 173 156 421 514 374 119 547 220 0 432 
372 163 0 102 578 599 417 286 456 528 436 359 478 375 285 371 534 532 496 0 173 156 421 514 374 119 547 220 125 432 
372 163 0 102 578 599 417 286 456 528 436 359 478 375 285 371 534 532 496 166 173 156 421 514 374 0 547 220 125 432 
372 163 0 102 578 599 417 286 456 528 436 359 478 375 285 371 534 532 496 166 173 156 421 514 0 119 547 220 125 432 
372 163 0 102 578 0 417 286 456 528 436 359 478 375 285 371 534 532 496 166 173 156 421 514 374 119 547 220 125 432 
372 163 0 102 578 599 417 286 456 528 436 0 478 375 285 371 534 532 496 166 173 156 421 514 374 119 547 220 125 432 
372 163 0 102 578 599 417 286 456 528 436 359 478 375 0 371 534 532 496 166 173 156 421 514 374 119 547 220 125 432 
372 163 0 102 578 599 417 286 0 528 436 359 478 375 285 371 534 532 496 166 173 156 421 514 374 119 547 220 125 432 
372 163 0 102 578 599 417 286 456 528 436 359 478 375 285 371 0 532 496 166 173 156 421 514 374 119 547 220 125 432 
372 163 0 102 578 599 417 286 456 528 436 359 478 375 285 371 534 532 496 0 173 156 421 514 374 119 547 220 125 432 
0 477 298 0 520 167 512 106 533 496 448 414 315 595 129 104 558 319 309 175 564 419 533 342 513 288 150 317 313 529 
578 477 298 0 520 167 512 106 533 496 448 414 315 595 0 104 558 319 309 175 564 419 533 342 513 288 150 317 313 529 
578 477 298 0 520 167 0 106 533 496 448 414 315 595 129 104 558 319 309 175 564 419 533 342 513 288 150 317 313 529 
578 0 298 0 520 167 512 106 533 496 448 414 315 595 129 104 558 319 309 175 564 419 533 342 513 288 150 317 313 529 
578 477 298 0 520 167 512 106 0 496 448 414 315 595 129 104 558 319 309 175 564 419 533 342 513 288 150 317 313 529 
578 477 298 0 520 167 512 106 533 0 448 414 315 595 129 104 558 319 309 175 564 419 533 342 513 288 150 317 313 529 
578 477 298 0 520 167 512 106 533 0 448 414 315 595 129 104 558 319 309 175 564 419 533 342 513 288 150 317 313 529 
578 477 298 0 520 167 512 106 533 496 448 414 315 595 129 104 558 319 309 175 564 419 533 342 513 288 150 0 313 529 
578 477 298 0 520 167 512 106 533 496 0 414 315 595 129 104 558 319 309 175 564 419 533 342 513 288 150 317 313 529 
578 477 298 0 520 167 512 106 533 496 448 414 315 595 129 104 558 319 309 175 564 0 533 342 513 288 150 317 313 529 
198 159 201 266 0 272 422 478 464 401 581 467 568 440 335 310 132 465 472 114 189 165 521 484 340 122 303 0 498 207 
198 159 201 266 0 272 422 478 464 401 581 467 568 440 335 310 132 465 472 114 189 165 521 484 340 122 303 181 0 207 
198 159 201 266 0 272 422 478 464 401 581 467 568 0 335 310 132 465 472 114 189 165 521 484 340 122 303 181 498 207 
198 159 201 266 0 272 422 478 464 401 581 467 568 440 335 310 132 465 472 114 189 165 521 0 340 122 303 181 498 207 
198 159 201 266 0 272 422 478 464 401 581 467 568 440 335 310 132 465 472 114 189 165 521 484 340 122 303 181 0 207 
198 159 201 266 0 272 422 478 464 401 581 467 568 440 335 310 132 465 472 114 189 165 521 484 340 122 303 0 498 207 
198 159 201 266 0 272 422 478 464 401 581 467 568 440 335 310 132 0 472 114 189 165 521 484 340 122 303 181 498 207 
198 159 201 266 0 272 422 478 464 401 581 467 568 440 335 310 132 0 472 114 189 165 521 484 340 122 303 181 498 207 
198 0 201 266 0 272 422 478 464 401 581 467 568 440 335 310 132 465 472 114 189 165 521 484 340 122 303 181 498 207 
198 159 201 266 0 272 422 478 464 401 581 467 568 440 335 310 132 465 472 114 189 165 521 484 340 122 0 181 498 207 
198 159 201 266 0 272 422 0 464 401 581 467 568 440 335 310 132 465 472 114 189 165 521 484 340 122 303 181 498 207 
198 159 201 266 0 272 422 478 464 401 581 467 0 440 335 310 132 465 472 114 189 165 521 484 340 122 303 181 498 207 
225 308 427 208 547 0 325 0 296 455 585 259 162 270 301 210 154 263 494 340 569 577 251 581 265 503 564 429 457 225 
225 308 427 208 547 0 325 358 296 455 585 259 162 270 0 210 154 263 494 340 569 577 251 581 265 503 564 429 457 225 
225 308 427 208 547 0 325 358 296 455 585 259 162 270 301 210 0 263 494 340 569 577 251 581 265 503 564 429 457 225 
225 308 427 208 547 0 325 358 296 0 585 259 162 270 301 210 154 263 494 340 569 577 251 581 265 503 564 429 457 225 
225 308 427 208 547 0 325 358 296 455 585 259 162 270 0 210 154 263 494 340 569 577 251 581 265 503 564 429 457 225 
225 308 427 208 547 0 325 358 296 455 0 259 162 270 301 210 154 263 494 340 569 577 251 581 265 503 564 429 457 225 
225 308 427 208 547 0 325 0 296 455 585 259 162 270 301 210 154 263 494 340 569 577 251 581 265 503 564 429 457 225 
225 308 427 208 547 0 325 358 296 455 585 259 162 270 301 210 0 263 494 340 569 577 251 581 265 503 564 429 457 225 
225 308 427 208 547 0 325 358 296 455 585 259 162 270 301 210 154 263 494 340 569 577 0 581 265 503 564 429 457 225 
142 305 576 351 311 337 0 364 393 360 579 473 506 274 279 319 321 426 254 498 559 0 358 134 328 225 104 240 105 162 
142 305 576 351 311 337 0 364 393 360 579 473 0 274 279 319 321 426 254 498 559 149 358 134 328 225 104 240 105 162 
142 305 576 351 311 337 0 364 393 360 579 473 506 274 279 319 321 426 254 498 559 0 358 134 328 225 104 240 105 162 
142 305 576 351 311 0 0 364 393 360 579 473 506 274 279 319 321 426 254 498 559 149 358 134 328 225 104 240 105 162 
142 305 576 351 311 337 0 364 393 360 579 473 506 274 279 319 321 426 254 498 559 149 358 134 328 225 104 0 105 162 
142 305 576 351 311 337 0 364 393 360 0 473 506 274 279 319 321 426 254 498 559 149 358 134 328 225 104 240 105 162 
142 305 576 351 311 337 0 364 393 360 579 473 506 274 279 319 321 426 254 498 559 0 358 134 328 225 104 240 105 162 
142 305 576 351 311 337 0 364 393 360 579 473 506 274 279 319 321 426 254 498 559 149 358 134 328 0 104 240 105 162 
142 305 576 351 311 337 0 364 393 360 579 473 506 274 279 319 321 426 254 498 0 149 358 134 328 225 104 240 105 162 
142 305 576 351 311 337 0 364 393 360 579 473 506 0 279 319 321 426 254 498 559 149 358 134 328 225 104 240 105 162 
142 305 576 351 311 337 0 364 393 360 579 473 506 274 279 319 321 426 254 498 559 149 358 134 328 225 104 0 105 162 
142 305 576 351 311 337 0 364 393 0 579 473 506 274 279 319 321 426 254 498 559 149 358 134 328 225 104 240 105 162 
142 0 576 351 311 337 0 364 393 360 579 473 506 274 279 319 321 426 254 498 559 149 358 134 328 225 104 240 105 162 
142 305 576 351 311 337 0 364 393 360 579 473 0 274 279 319 321 426 254 498 559 149 358 134 328 225 104 240 105 162 
142 305 576 351 0 337 0 364 393 360 579 473 506 274 279 319 321 426 254 498 559 149 358 134 328 225 104 240 105 162 
142 305 576 351 311 337 0 364 393 360 579 473 506 274 279 319 0 426 254 498 559 149 358 134 328 225 104 240 105 162 
142 305 576 351 311 337 0 364 393 360 579 473 506 274 279 319 321 426 254 498 559 149 358 134 328 0 104 240 105 162 
177 0 571 381 483 393 513 0 243 231 334 236 473 305 307 351 452 112 184 299 340 128 457 525 155 274 235 552 136 353 
177 401 571 381 483 393 513 0 243 231 334 236 473 305 307 351 452 112 184 299 340 128 457 525 0 274 235 552 136 353 
177 401 571 381 483 393 513 0 243 231 334 236 473 305 307 351 0 112 184 299 340 128 457 525 155 274 235 552 136 353 
177 401 571 381 483 393 0 0 243 231 334 236 473 305 307 351 452 112 184 299 340 128 457 525 155 274 235 552 136 353 
177 401 571 381 483 393 513 0 243 231 334 236 473 305 307 351 452 0 184 299 340 128 457 525 155 274 235 552 136 353 
177 401 571 381 483 393 513 0 243 231 334 236 473 305 307 351 452 112 184 299 340 128 457 525 155 274 235 552 136 0 
177 401 571 381 483 393 513 0 243 231 334 236 473 305 307 351 452 0 184 299 340 128 457 525 155 274 235 552 136 353 
177 401 571 381 483 393 513 0 243 0 334 236 473 305 307 351 452 112 184 299 340 128 457 525 155 274 235 552 136 353 
177 401 571 381 483 393 513 0 243 231 334 0 473 305 307 351 452 112 184 299 340 128 457 525 155 274 235 552 136 353 
0 401 571 381 483 393 513 0 243 231 334 236 473 305 307 351 452 112 184 299 340 128 457 525 155 274 235 552 136 353 
177 401 571 381 483 393 513 0 243 231 334 236 473 305 307 351 452 112 184 299 340 128 457 525 0 274 235 552 136 353 
177 401 571 381 483 393 0 0 243 231 334 236 473 305 307 351 452 112 184 299 340 128 457 525 155 274 235 552 136 353 
177 401 571 381 483 393 513 0 243 231 334 236 473 305 307 351 452 112 184 299 340 128 0 525 155 274 235 552 136 353 
177 401 571 381 483 393 513 0 243 231 334 236 473 305 0 351 452 112 184 299 340 128 457 525 155 274 235 552 136 353 
177 401 571 381 483 393 513 0 243 231 334 236 473 305 0 351 452 112 184 299 340 128 457 525 155 274 235 552 136 353 
177 401 571 381 483 393 513 0 243 231 334 236 473 305 307 351 452 112 184 299 0 128 457 525 155 274 235 552 136 353 
177 401 571 381 483 393 513 0 243 231 334 236 473 305 307 351 452 112 184 299 340 128 457 525 155 274 235 552 0 353 
177 401 571 381 483 393 513 0 243 231 334 0 473 305 307 351 452 112 184 299 340 128 457 525 155 274 235 552 136 353 
177 401 571 381 483 393 513 0 243 231 334 236 473 305 307 351 452 112 184 299 340 0 457 525 155 274 235 552 136 353 
235 338 169 268 0 226 290 141 0 194 400 271 190 476 276 530 475 370 487 539 322 548 424 441 495 158 527 243 204 342 
235 338 169 268 146 226 290 141 0 0 400 271 190 476 276 530 475 370 487 539 322 548 424 441 495 158 527 243 204 342 
235 338 169 268 146 226 290 141 0 194 400 271 190 476 276 530 475 0 487 539 322 548 424 441 495 158 527 243 204 342 
235 338 0 268 146 226 290 141 0 194 400 271 190 476 276 530 475 370 487 539 322 548 424 441 495 158 527 243 204 342 
235 338 169 268 146 226 290 141 0 194 400 271 190 476 276 530 475 370 0 539 322 548 424 441 495 158 527 243 204 342 
235 338 169 268 146 226 290 141 0 194 400 271 190 476 276 530 0 370 487 539 322 548 424 441 495 158 527 243 204 342 
235 338 169 268 146 226 290 141 0 194 400 271 0 476 276 530 475 370 487 539 322 548 424 441 495 158 527 243 204 342 
235 338 169 268 146 226 290 141 0 194 400 271 190 476 276 530 475 370 487 539 322 0 424 441 495 158 527 243 204 342 
235 338 169 268 146 226 290 141 0 194 0 271 190 476 276 530 475 370 487 539 322 548 424 441 495 158 527 243 204 342 
235 338 169 268 146 226 290 141 0 0 400 271 190 476 276 530 475 370 487 539 322 548 424 441 495 158 527 243 204 342 
235 338 169 268 146 226 290 141 0 194 400 271 190 476 276 530 475 370 487 539 322 548 424 441 495 158 527 0 204 342 
235 338 169 268 146 226 290 141 0 194 400 271 190 476 276 530 475 370 487 539 322 548 424 441 495 0 527 243 204 342 
235 338 169 268 146 226 290 141 0 194 400 271 190 476 276 530 475 370 487 0 322 548 424 441 495 158 527 243 204 342 
235 338 169 268 146 226 290 141 0 194 400 271 190 476 276 530 475 370 487 539 322 548 424 441 495 158 527 243 0 342 
235 338 169 268 146 0 290 141 0 194 400 271 190 476 276 530 475 370 487 539 322 548 424 441 495 158 527 243 204 342 
235 338 169 268 146 226 290 141 0 194 400 271 190 0 276 530 475 370 487 539 322 548 424 441 495 158 527 243 204 342 
235 338 169 268 146 226 290 141 0 194 400 271 190 476 276 530 475 370 487 539 322 0 424 441 495 158 527 243 204 342 
235 338 169 268 146 226 290 141 0 194 400 271 190 476 276 530 475 370 487 539 322 548 424 441 495 158 527 0 204 342 
394 207 366 232 328 314 587 354 565 0 437 199 159 345 356 321 456 170 534 374 0 276 512 378 255 247 143 496 128 247 
394 207 366 232 328 314 587 354 565 0 0 199 159 345 356 321 456 170 534 374 139 276 512 378 255 247 143 496 128 247 
394 207 366 232 328 314 587 354 565 0 437 199 159 345 356 321 456 170 534 374 139 276 0 378 255 247 143 496 128 247 
394 207 366 232 328 0 587 354 565 0 437 199 159 345 356 321 456 170 534 374 139 276 512 378 255 247 143 496 128 247 
394 207 366 232 328 314 587 354 565 0 437 199 159 345 356 321 456 170 534 374 139 276 0 378 255 247 143 496 128 247 
557 249 276 225 380 145 516 478 415 296 0 323 229 238 328 232 394 273 412 394 390 332 531 116 131 134 379 0 420 496 
557 249 276 225 380 145 516 478 415 296 0 323 229 0 328 232 394 273 412 394 390 332 531 116 131 134 379 107 420 496 
557 249 276 225 0 145 516 478 415 296 0 323 229 238 328 232 394 273 412 394 390 332 531 116 131 134 379 107 420 496 
557 249 276 225 380 145 516 478 415 296 0 323 229 238 328 232 394 273 412 394 390 332 531 0 131 134 379 107 420 496 
557 249 276 225 380 145 516 478 415 296 0 323 229 238 328 232 394 273 412 394 390 332 531 116 131 134 379 107 0 496 
267 0 551 182 520 168 243 405 335 552 472 0 468 470 374 565 544 214 238 397 110 292 379 283 181 243 307 141 274 113 
267 265 551 182 520 168 243 405 335 552 0 0 468 470 374 565 544 214 238 397 110 292 379 283 181 243 307 141 274 113 
267 265 551 182 520 168 243 405 335 552 472 0 468 470 374 565 544 214 238 397 110 292 379 283 181 243 307 141 274 0 
267 265 551 182 520 0 243 405 335 552 472 0 468 470 374 565 544 214 238 397 110 292 379 283 181 243 307 141 274 113 
267 265 0 182 520 168 243 405 335 552 472 0 468 470 374 565 544 214 238 397 110 292 379 283 181 243 307 141 274 113 
267 265 551 182 520 168 243 405 335 552 472 0 468 470 374 565 544 0 238 397 110 292 379 283 181 243 307 141 274 113 
267 265 551 182 0 168 243 405 335 552 472 0 468 470 374 565 544 214 238 397 110 292 379 283 181 243 307 141 274 113 
267 265 551 182 520 168 243 405 335 552 0 0 468 470 374 565 544 214 238 397 110 292 379 283 181 243 307 141 274 113 
267 265 551 182 520 168 243 405 335 552 472 0 468 470 374 0 544 214 238 397 110 292 379 283 181 243 307 141 274 113 
267 265 551 182 520 168 243 405 335 552 472 0 468 470 0 565 544 214 238 397 110 292 379 283 181 243 307 141 274 113 
267 265 551 182 520 168 243 405 335 552 472 0 468 470 374 565 544 214 238 397 110 292 379 283 181 243 307 0 274 113 
267 265 551 182 520 168 243 405 335 552 0 0 468 470 374 565 544 214 238 397 110 292 379 283 181 243 307 141 274 113 
267 265 551 182 520 168 0 405 335 552 472 0 468 470 374 565 544 214 238 397 110 292 379 283 181 243 307 141 274 113 
0 265 551 182 520 168 243 405 335 552 472 0 468 470 374 565 544 214 238 397 110 292 379 283 181 243 307 141 274 113 
267 265 551 182 520 168 243 405 335 552 472 0 468 470 374 565 0 214 238 397 110 292 379 283 181 243 307 141 274 113 
290 217 501 0 321 133 477 509 480 316 327 356 0 459 134 408 194 498 106 377 103 464 288 336 216 111 198 534 509 399 
290 217 501 0 321 133 477 509 480 316 327 356 0 459 134 408 194 498 106 377 103 464 288 336 216 111 198 534 509 399 
290 217 501 508 321 133 477 509 480 316 0 356 0 459 134 408 194 498 106 377 103 464 288 336 216 111 198 534 509 399 
290 217 501 508 321 0 477 509 480 316 327 356 0 459 134 408 194 498 106 377 103 464 288 336 216 111 198 534 509 399 
290 217 501 508 321 133 477 509 480 316 327 356 0 459 134 408 194 498 106 377 103 464 288 336 216 111 198 534 0 399 
290 217 501 508 321 133 477 509 480 316 327 356 0 459 134 408 194 498 106 377 103 464 288 336 216 111 0 534 509 399 
290 217 501 508 321 133 477 509 480 316 0 356 0 459 134 408 194 498 106 377 103 464 288 336 216 111 198 534 509 399 
290 217 501 508 321 133 477 509 480 316 327 356 0 0 134 408 194 498 106 377 103 464 288 336 216 111 198 534 509 399 
290 217 501 508 321 133 0 509 480 316 327 356 0 459 134 408 194 498 106 377 103 464 288 336 216 111 198 534 509 399 
290 217 501 508 321 133 477 0 480 316 327 356 0 459 134 408 194 498 106 377 103 464 288 336 216 111 198 534 509 399 
290 217 501 508 321 133 477 509 480 316 327 356 0 459 134 408 194 498 106 377 103 464 288 336 216 0 198 534 509 399 
290 217 501 508 321 133 477 509 480 316 327 356 0 459 134 408 194 498 106 377 103 464 288 0 216 111 198 534 509 399 
290 217 501 508 321 133 477 509 480 316 327 356 0 459 134 408 194 498 106 377 103 464 0 336 216 111 198 534 509 399 
290 217 501 0 321 133 477 509 480 316 327 356 0 459 134 408 194 498 106 377 103 464 288 336 216 111 198 534 509 399 
290 217 501 508 321 133 477 509 480 316 327 356 0 459 134 408 194 498 106 377 103 0 288 336 216 111 198 534 509 399 
228 239 229 441 527 322 142 418 571 214 121 121 385 0 135 183 185 492 155 562 276 216 276 256 594 597 0 444 218 234 
228 239 229 441 527 322 142 418 571 214 121 121 385 0 135 0 185 492 155 562 276 216 276 256 594 597 430 444 218 234 
228 0 229 441 527 322 142 418 571 214 121 121 385 0 135 183 185 492 155 562 276 216 276 256 594 597 430 444 218 234 
228 239 229 441 527 322 142 418 571 214 121 121 385 0 135 183 185 492 155 562 276 216 276 256 594 597 430 0 218 234 
185 296 336 206 493 494 195 265 331 379 533 159 542 394 0 266 110 351 114 238 590 0 397 324 586 204 368 516 150 313 
185 296 336 206 493 494 195 265 331 379 533 159 542 394 0 266 110 351 114 0 590 301 397 324 586 204 368 516 150 313 
185 296 336 206 493 494 195 0 331 379 533 159 542 394 0 266 110 351 114 238 590 301 397 324 586 204 368 516 150 313 
185 296 336 206 493 494 195 265 331 379 533 159 542 394 0 266 110 351 114 238 590 301 397 324 586 204 0 516 150 313 
185 296 336 206 493 494 195 265 331 379 533 159 542 394 0 266 110 351 114 238 590 301 397 324 586 204 368 0 150 313 
185 296 0 206 493 494 195 265 331 379 533 159 542 394 0 266 110 351 114 238 590 301 397 324 586 204 368 516 150 313 
185 296 336 0 493 494 195 265 331 379 533 159 542 394 0 266 110 351 114 238 590 301 397 324 586 204 368 516 150 313 
185 296 336 206 493 494 195 265 331 379 533 159 542 394 0 266 110 351 114 238 590 301 397 324 586 0 368 516 150 313 
185 296 336 206 493 494 195 265 331 379 533 0 542 394 0 266 110 351 114 238 590 301 397 324 586 204 368 516 150 313 
185 296 336 206 493 494 195 265 331 379 533 159 542 394 0 266 0 351 114 238 590 301 397 324 586 204 368 516 150 313 
185 296 336 206 493 0 195 265 331 379 533 159 542 394 0 266 110 351 114 238 590 301 397 324 586 204 368 516 150 313 
185 296 336 206 493 494 195 265 331 379 533 159 542 394 0 266 110 351 114 238 590 0 397 324 586 204 368 516 150 313 
185 296 336 206 493 494 195 265 331 379 533 159 542 394 0 266 110 351 114 238 590 301 0 324 586 204 368 516 150 313 
185 296 336 206 493 494 195 265 331 379 533 159 542 394 0 266 110 351 114 238 590 301 397 324 586 204 368 516 150 0 
185 296 336 206 493 494 195 265 331 379 533 159 542 394 0 266 110 351 114 238 590 301 0 324 586 204 368 516 150 313 
185 296 336 206 493 494 195 265 331 379 533 159 542 394 0 266 110 351 114 0 590 301 397 324 586 204 368 516 150 313 
185 296 336 206 493 494 195 265 331 379 533 159 542 394 0 266 110 351 114 238 0 301 397 324 586 204 368 516 150 313 
185 296 336 206 493 494 195 265 331 379 533 159 542 0 0 266 110 351 114 238 590 301 397 324 586 204 368 516 150 313 
328 235 520 0 455 582 117 265 208 405 148 468 325 503 115 0 397 507 388 566 224 539 522 244 435 363 485 440 203 337 
328 235 520 275 455 582 117 265 208 405 0 468 325 503 115 0 397 507 388 566 224 539 522 244 435 363 485 440 203 337 
328 235 520 275 455 582 117 265 208 405 148 468 325 0 115 0 397 507 388 566 224 539 522 244 435 363 485 440 203 337 
328 235 520 275 455 582 117 265 208 405 148 468 325 503 115 0 397 507 388 566 224 539 522 244 435 0 485 440 203 337 
328 235 520 275 455 582 117 265 208 405 148 468 325 503 115 0 397 507 388 566 224 539 522 244 435 0 485 440 203 337 
328 235 520 275 455 582 117 265 208 405 148 0 325 503 115 0 397 507 388 566 224 539 522 244 435 363 485 440 203 337 
328 235 520 275 455 582 117 265 208 405 148 468 325 503 115 0 397 507 388 0 224 539 522 244 435 363 485 440 203 337 
328 235 520 275 455 582 117 265 208 405 148 468 325 503 0 0 397 507 388 566 224 539 522 244 435 363 485 440 203 337 
328 235 520 275 455 582 117 265 208 405 148 468 325 503 115 0 397 507 388 566 0 539 522 244 435 363 485 440 203 337 
328 235 520 275 455 582 117 265 208 405 148 468 325 503 115 0 397 507 388 566 224 539 522 0 435 363 485 440 203 337 
328 235 520 275 455 0 117 265 208 405 148 468 325 503 115 0 397 507 388 566 224 539 522 244 435 363 485 440 203 337 
328 235 520 275 455 582 0 265 208 405 148 468 325 503 115 0 397 507 388 566 224 539 522 244 435 363 485 440 203 337 
328 235 520 275 455 582 117 265 208 405 148 468 325 503 115 0 397 507 388 566 224 539 522 0 435 363 485 440 203 337 
328 235 520 275 455 582 0 265 208 405 148 468 325 503 115 0 397 507 388 566 224 539 522 244 435 363 485 440 203 337 
328 235 520 275 455 582 117 265 208 405 148 468 325 503 115 0 397 507 388 566 224 539 0 244 435 363 485 440 203 337 
514 333 168 309 539 599 520 227 310 419 458 203 0 543 465 153 0 347 398 425 237 591 333 578 135 418 270 461 517 168 
514 333 168 309 539 599 520 227 310 419 458 203 551 543 465 153 0 0 398 425 237 591 333 578 135 418 270 461 517 168 
514 333 168 309 539 599 520 227 310 419 458 203 551 543 465 153 0 347 398 425 237 591 333 578 0 418 270 461 517 168 
514 333 168 309 539 599 520 227 310 419 458 0 551 543 465 153 0 347 398 425 237 591 333 578 135 418 270 461 517 168 
514 333 168 309 539 599 520 227 310 419 458 203 551 543 465 153 0 347 398 425 237 591 333 578 0 418 270 461 517 168 
514 333 168 0 539 599 520 227 310 419 458 203 551 543 465 153 0 347 398 425 237 591 333 578 135 418 270 461 517 168 
514 0 168 309 539 599 520 227 310 419 458 203 551 543 465 153 0 347 398 425 237 591 333 578 135 418 270 461 517 168 
514 333 168 309 539 599 520 227 310 419 458 203 551 543 465 153 0 347 398 425 237 591 333 578 135 0 270 461 517 168 
514 333 168 309 539 599 520 227 310 419 458 203 551 543 465 153 0 347 398 425 0 591 333 578 135 418 270 461 517 168 
514 333 168 309 539 599 520 227 310 419 458 203 551 543 0 153 0 347 398 425 237 591 333 578 135 418 270 461 517 168 
236 167 573 596 0 507 534 570 528 444 548 446 542 273 256 428 328 0 554 318 269 395 528 474 578 448 409 394 281 544 
236 167 573 596 473 507 534 570 528 444 548 446 542 273 0 428 328 0 554 318 269 395 528 474 578 448 409 394 281 544 
236 167 573 596 473 507 534 570 528 444 548 446 542 273 256 0 328 0 554 318 269 395 528 474 578 448 409 394 281 544 
236 167 573 0 473 507 534 570 528 444 548 446 542 273 256 428 328 0 554 318 269 395 528 474 578 448 409 394 281 544 
236 167 573 596 473 507 534 570 528 444 548 446 542 273 256 428 328 0 554 318 269 395 528 474 0 448 409 394 281 544 
0 167 573 596 473 507 534 570 528 444 548 446 542 273 256 428 328 0 554 318 269 395 528 474 578 448 409 394 281 544 
236 167 573 596 473 507 534 570 528 444 548 446 542 273 256 428 328 0 554 318 269 395 528 474 578 448 409 394 281 0 
236 167 573 596 473 507 534 570 528 444 548 446 0 273 256 428 328 0 554 318 269 395 528 474 578 448 409 394 281 544 
236 167 573 596 473 507 534 570 528 444 548 446 542 273 256 428 328 0 554 318 269 395 528 474 578 448 409 394 0 544 
236 0 573 596 473 507 534 570 528 444 548 446 542 273 256 428 328 0 554 318 269 395 528 474 578 448 409 394 281 544 
236 167 573 596 473 507 534 570 528 444 548 446 542 273 256 0 328 0 554 318 269 395 528 474 578 448 409 394 281 544 
236 167 573 596 473 507 534 570 528 444 548 446 542 273 256 428 328 0 554 318 269 395 528 474 578 448 409 0 281 544 
236 167 573 596 473 507 534 570 0 444 548 446 542 273 256 428 328 0 554 318 269 395 528 474 578 448 409 394 281 544 
518 329 333 531 469 233 559 258 355 295 451 174 379 245 352 168 333 326 0 457 171 187 162 121 456 502 148 0 431 420 
518 329 333 531 469 233 559 258 355 295 451 174 379 245 352 168 0 326 0 457 171 187 162 121 456 502 148 502 431 420 
518 329 333 531 469 233 559 258 355 295 451 174 379 245 352 168 333 326 0 457 171 187 162 121 456 0 148 502 431 420 
518 329 333 531 469 233 0 258 355 295 451 174 379 245 352 168 333 326 0 457 171 187 162 121 456 502 148 502 431 420 
531 110 422 0 453 547 599 537 109 426 487 595 569 127 154 280 576 299 303 0 503 413 342 429 163 287 599 148 446 542 
531 110 422 322 453 547 599 537 109 426 487 595 569 127 154 280 576 299 0 0 503 413 342 429 163 287 599 148 446 542 
531 110 422 322 453 547 599 537 109 426 487 595 569 127 154 280 576 299 303 0 503 413 342 0 163 287 599 148 446 542 
531 110 422 322 453 547 599 537 109 426 487 595 569 127 154 280 576 299 303 0 503 413 342 429 163 287 0 148 446 542 
531 110 422 322 453 547 0 537 109 426 487 595 569 127 154 280 576 299 303 0 503 413 342 429 163 287 599 148 446 542 
531 110 422 322 453 0 599 537 109 426 487 595 569 127 154 280 576 299 303 0 503 413 342 429 163 287 599 148 446 542 
531 110 422 322 453 547 599 537 109 426 487 595 569 127 154 0 576 299 303 0 503 413 342 429 163 287 599 148 446 542 
531 110 422 322 453 547 599 537 109 426 487 595 569 127 154 280 576 299 303 0 503 0 342 429 163 287 599 148 446 542 
531 110 422 322 453 547 599 537 109 426 487 595 569 127 154 280 576 299 303 0 0 413 342 429 163 287 599 148 446 542 
111 289 141 127 271 364 0 125 475 352 147 136 532 466 108 391 521 136 553 259 0 559 593 433 150 534 409 404 562 200 
111 289 141 127 271 364 570 125 475 352 147 136 532 0 108 391 521 136 553 259 0 559 593 433 150 534 409 404 562 200 
111 0 141 127 271 364 570 125 475 352 147 136 532 466 108 391 521 136 553 259 0 559 593 433 150 534 409 404 562 200 
0 289 141 127 271 364 570 125 475 352 147 136 532 466 108 391 521 136 553 259 0 559 593 433 150 534 409 404 562 200 
111 289 141 127 271 364 570 125 475 352 147 136 532 466 108 391 521 136 553 259 0 559 0 433 150 534 409 404 562 200 
387 276 277 368 451 310 494 211 102 373 196 265 209 527 160 135 302 161 429 382 263 0 336 559 0 377 374 135 106 208 
387 276 277 368 451 310 494 211 102 373 196 265 0 527 160 135 302 161 429 382 263 0 336 559 280 377 374 135 106 208 
387 276 277 368 451 310 494 211 102 373 196 265 209 527 160 135 302 161 429 382 0 0 336 559 280 377 374 135 106 208 
387 276 277 368 451 310 494 211 102 373 196 265 209 527 160 135 302 161 429 382 263 0 336 559 0 377 374 135 106 208 
387 276 277 368 451 310 494 211 102 373 196 265 209 527 160 0 302 161 429 382 263 0 336 559 280 377 374 135 106 208 
387 276 277 368 451 310 494 211 102 373 196 265 209 527 160 135 302 161 429 382 263 0 336 559 280 0 374 135 106 208 
387 276 277 368 0 310 494 211 102 373 196 265 209 527 160 135 302 161 429 382 263 0 336 559 280 377 374 135 106 208 
387 276 0 368 451 310 494 211 102 373 196 265 209 527 160 135 302 161 429 382 263 0 336 559 280 377 374 135 106 208 
387 276 277 368 451 310 494 211 102 373 196 265 209 527 160 135 302 161 429 382 263 0 0 559 280 377 374 135 106 208 
387 276 277 368 451 310 494 211 102 373 196 265 209 527 160 0 302 161 429 382 263 0 336 559 280 377 374 135 106 208 
387 276 277 368 451 310 494 211 102 373 196 265 209 527 160 135 302 161 429 382 263 0 336 559 280 377 374 135 0 208 
572 0 554 292 261 335 522 448 329 388 235 272 127 194 516 343 245 367 311 183 443 483 0 482 519 119 103 358 218 191 
572 399 554 292 261 0 522 448 329 388 235 272 127 194 516 343 245 367 311 183 443 483 0 482 519 119 103 358 218 191 
572 399 554 292 261 335 522 448 329 388 235 272 127 194 516 343 245 367 311 0 443 483 0 482 519 119 103 358 218 191 
572 399 554 292 261 335 522 448 329 388 235 272 127 194 516 343 245 367 311 183 443 483 0 482 519 119 103 358 0 191 
586 334 0 120 153 435 449 104 291 257 457 516 133 181 387 545 291 521 249 337 574 434 336 0 496 350 113 177 440 453 
586 334 502 120 153 435 449 104 0 257 457 516 133 181 387 545 291 521 249 337 574 434 336 0 496 350 113 177 440 453 
586 334 502 0 153 435 449 104 291 257 457 516 133 181 387 545 291 521 249 337 574 434 336 0 496 350 113 177 440 453 
586 334 502 120 153 435 449 104 291 257 457 0 133 181 387 545 291 521 249 337 574 434 336 0 496 350 113 177 440 453 
586 0 502 120 153 435 449 104 291 257 457 516 133 181 387 545 291 521 249 337 574 434 336 0 496 350 113 177 440 453 
586 334 502 120 153 435 449 104 291 257 457 516 133 181 387 545 291 521 249 337 574 0 336 0 496 350 113 177 440 453 
586 334 502 120 153 435 449 104 291 257 457 516 133 181 387 0 291 521 249 337 574 434 336 0 496 350 113 177 440 453 
586 334 502 120 153 435 449 104 291 257 457 0 133 181 387 545 291 521 249 337 574 434 336 0 496 350 113 177 440 453 
586 334 502 120 153 435 449 104 291 257 457 516 133 181 387 545 0 521 249 337 574 434 336 0 496 350 113 177 440 453 
374 502 435 115 169 170 316 101 174 0 442 501 532 533 357 496 343 157 358 279 452 104 514 440 0 341 115 151 241 438 
374 502 435 115 169 170 316 101 174 357 442 501 532 533 357 496 343 157 358 279 452 104 514 440 0 341 115 151 0 438 
374 502 435 115 169 170 316 101 174 357 0 501 532 533 357 496 343 157 358 279 452 104 514 440 0 341 115 151 241 438 
374 502 435 115 169 170 316 101 174 357 442 501 532 0 357 496 343 157 358 279 452 104 514 440 0 341 115 151 241 438 
374 502 435 115 169 170 316 101 174 357 442 501 532 533 357 496 0 157 358 279 452 104 514 440 0 341 115 151 241 438 
374 502 435 115 169 170 316 101 174 357 0 501 532 533 357 496 343 157 358 279 452 104 514 440 0 341 115 151 241 438 
374 502 435 115 169 170 316 101 174 357 442 501 532 533 357 496 343 157 358 279 452 0 514 440 0 341 115 151 241 438 
374 502 435 115 169 170 316 101 174 357 0 501 532 533 357 496 343 157 358 279 452 104 514 440 0 341 115 151 241 438 
374 502 435 115 169 170 316 101 174 357 442 501 532 0 357 496 343 157 358 279 452 104 514 440 0 341 115 151 241 438 
374 502 435 0 169 170 316 101 174 357 442 501 532 533 357 496 343 157 358 279 452 104 514 440 0 341 115 151 241 438 
374 502 435 115 169 170 316 101 174 357 442 501 532 533 357 496 343 157 358 279 452 104 0 440 0 341 115 151 241 438 
374 502 435 115 169 170 316 101 174 0 442 501 532 533 357 496 343 157 358 279 452 104 514 440 0 341 115 151 241 438 
374 0 435 115 169 170 316 101 174 357 442 501 532 533 357 496 343 157 358 279 452 104 514 440 0 341 115 151 241 438 
374 502 435 115 169 170 316 101 174 357 442 501 532 533 357 496 343 157 358 279 0 104 514 440 0 341 115 151 241 438 
374 502 435 115 169 170 316 101 174 357 442 501 532 533 357 496 343 0 358 279 452 104 514 440 0 341 115 151 241 438 
374 502 435 115 169 170 316 101 174 357 0 501 532 533 357 496 343 157 358 279 452 104 514 440 0 341 115 151 241 438 
374 502 435 0 169 170 316 101 174 357 442 501 532 533 357 496 343 157 358 279 452 104 514 440 0 341 115 151 241 438 
374 502 435 115 169 170 316 101 174 357 442 501 532 533 357 496 343 157 358 279 0 104 514 440 0 341 115 151 241 438 
149 0 351 358 384 403 561 332 524 116 203 567 436 202 198 100 241 554 126 159 383 371 343 340 539 0 298 535 477 283 
149 440 351 358 384 403 561 332 524 116 203 567 436 202 198 100 241 0 126 159 383 371 343 340 539 0 298 535 477 283 
149 440 351 358 384 403 561 332 524 116 203 567 436 202 198 100 241 554 126 159 383 371 343 340 539 0 0 535 477 283 
149 440 351 358 384 403 561 332 524 116 203 567 436 202 198 100 241 554 126 159 383 371 343 340 539 0 298 535 477 0 
149 440 351 358 384 403 0 332 524 116 203 567 436 202 198 100 241 554 126 159 383 371 343 340 539 0 298 535 477 283 
149 440 351 358 384 403 561 332 524 116 203 0 436 202 198 100 241 554 126 159 383 371 343 340 539 0 298 535 477 283 
149 440 351 358 384 403 561 332 524 116 203 567 436 202 198 100 241 554 126 159 383 371 343 340 539 0 298 0 477 283 
149 440 351 358 384 403 561 332 524 116 203 567 436 202 198 100 241 554 126 159 383 371 0 340 539 0 298 535 477 283 
0 440 351 358 384 403 561 332 524 116 203 567 436 202 198 100 241 554 126 159 383 371 343 340 539 0 298 535 477 283 
149 440 351 358 384 403 561 332 524 116 203 567 436 202 198 100 241 554 126 0 383 371 343 340 539 0 298 535 477 283 
149 440 351 358 384 403 561 332 524 116 203 567 436 202 198 100 0 554 126 159 383 371 343 340 539 0 298 535 477 283 
109 440 178 234 387 542 460 572 333 123 162 369 0 311 286 462 376 361 377 588 592 295 243 230 555 470 0 562 519 395 
109 440 178 234 387 542 460 572 333 123 162 369 596 311 286 462 376 361 377 588 592 295 243 230 0 470 0 562 519 395 
109 440 178 234 387 542 460 572 333 123 162 369 596 311 286 462 376 361 377 588 0 295 243 230 555 470 0 562 519 395 
0 440 178 234 387 542 460 572 333 123 162 369 596 311 286 462 376 361 377 588 592 295 243 230 555 470 0 562 519 395 
513 333 260 256 552 280 552 345 158 291 349 220 492 109 257 152 593 571 167 545 0 138 503 327 591 218 564 0 291 493 
513 333 260 256 552 280 552 345 158 291 349 220 0 109 257 152 593 571 167 545 542 138 503 327 591 218 564 0 291 493 
513 333 260 256 552 280 552 345 158 291 349 220 492 109 257 152 593 571 167 545 542 138 503 0 591 218 564 0 291 493 
513 333 260 256 552 280 552 345 158 291 349 220 492 109 257 152 593 571 0 545 542 138 503 327 591 218 564 0 291 493 
513 333 260 256 552 280 552 345 158 0 349 220 492 109 257 152 593 571 167 545 542 138 503 327 591 218 564 0 291 493 
513 333 260 256 552 280 552 345 158 291 349 220 492 109 257 152 593 571 167 545 542 138 503 327 591 0 564 0 291 493 
513 333 260 256 552 280 552 345 158 291 349 220 0 109 257 152 593 571 167 545 542 138 503 327 591 218 564 0 291 493 
513 333 260 256 552 280 552 345 158 291 349 220 492 109 257 152 593 571 167 545 542 138 503 327 0 218 564 0 291 493 
513 333 260 256 552 280 552 345 158 291 349 220 492 109 257 152 593 571 167 0 542 138 503 327 591 218 564 0 291 493 
513 333 260 0 552 280 552 345 158 291 349 220 492 109 257 152 593 571 167 545 542 138 503 327 591 218 564 0 291 493 
513 333 260 256 552 280 552 345 158 291 349 220 492 109 257 152 593 571 167 545 542 138 503 327 591 218 564 0 0 493 
241 523 394 315 505 478 256 132 0 225 286 171 115 393 257 509 291 539 316 196 339 567 220 241 552 118 103 530 0 500 
241 523 394 315 505 478 256 132 0 225 286 171 115 393 257 509 291 539 316 196 339 567 220 241 552 118 103 530 0 500 
241 523 394 315 505 478 256 132 181 225 286 171 115 393 257 509 291 539 316 196 339 567 220 241 0 118 103 530 0 500 
241 523 394 315 505 478 256 132 181 225 286 171 115 393 257 509 291 539 0 196 339 567 220 241 552 118 103 530 0 500 
241 523 394 315 505 478 256 132 181 225 286 171 115 393 257 509 291 0 316 196 339 567 220 241 552 118 103 530 0 500 
241 523 394 315 505 478 256 132 181 225 286 171 115 393 257 509 291 539 316 196 339 567 220 241 552 118 103 530 0 0 
241 523 394 315 505 0 256 132 181 225 286 171 115 393 257 509 291 539 316 196 339 567 220 241 552 118 103 530 0 500 
241 523 394 315 505 478 256 132 181 225 286 171 115 0 257 509 291 539 316 196 339 567 220 241 552 118 103 530 0 500 
241 523 394 0 505 478 256 132 181 225 286 171 115 393 257 509 291 539 316 196 339 567 220 241 552 118 103 530 0 500 
241 523 394 315 505 478 256 132 181 225 286 171 115 393 257 509 291 539 316 196 339 567 220 241 552 0 103 530 0 500 
482 482 506 179 572 260 569 393 137 104 228 333 362 286 360 480 515 519 508 0 152 120 110 365 194 294 123 407 591 0 
482 482 506 179 572 260 569 393 137 104 228 333 362 286 360 480 515 519 508 256 152 120 0 365 194 294 123 407 591 0 
482 482 506 179 572 260 569 393 137 104 228 333 362 286 360 480 515 519 508 256 152 120 0 365 194 294 123 407 591 0 
482 482 506 179 572 260 569 393 137 104 228 333 0 286 360 480 515 519 508 256 152 120 110 365 194 294 123 407 591 0 
482 482 506 179 572 260 569 393 137 104 228 333 362 286 360 480 515 519 508 256 152 0 110 365 194 294 123 407 591 0 
482 482 506 179 572 260 569 393 137 104 228 333 362 286 360 480 515 519 0 256 152 120 110 365 194 294 123 407 591 0 
482 482 0 179 572 260 569 393 137 104 228 333 362 286 360 480 515 519 508 256 152 120 110 365 194 294 123 407 591 0 

5271.0
1 0.0 0.0
2 456.0 35.0
3 506.0 9.0
4 540.0 19.0
5 290.0 22.0
6 139.0 7.0
7 537.0 1.0
8 420.0 28.0
9 523.0 10.0
10 313.0 34.0
11 191.0 11.0
12 267.0 4.0
13 553.0 3.0
14 423.0 9.0
15 236.0 16.0
16 398.0 31.0
17 118.0 29.0
18 173.0 39.0
19 370.0 3.0
20 430.0 19.0
21 366.0 4.0
22 216.0 28.0
23 337.0 26.0
24 341.0 9.0
25 389.0 30.0
26 395.0 17.0
27 462.0 29.0
28 476.0 17.0
29 346.0 21.0
30 331.0 33.0
