30 220 5

0 521 428 329 236 251 424 130 369 456 254 232 589 453 294 185 367 385 355 565 421 528 527 463 361 307 450 392 285 363 
243 0 230 551 173 295 378 355 183 411 304 483 320 196 352 274 490 490 263 552 493 358 377 274 477 138 533 545 113 155 
267 258 0 206 477 200 558 594 568 549 431 158 382 583 595 228 430 467 307 327 143 259 433 289 397 419 585 419 422 259 
382 499 457 0 590 341 435 438 264 453 106 422 445 134 248 236 445 425 455 133 340 205 276 521 231 501 389 196 430 349 
129 284 381 207 0 447 579 414 431 365 238 364 534 212 185 402 244 251 131 100 269 137 555 327 396 588 123 345 428 362 
425 375 411 520 496 0 211 143 128 230 549 259 384 384 150 268 263 426 529 251 206 345 465 332 141 195 229 419 504 335 
234 126 178 426 492 283 0 455 270 364 364 526 221 349 299 473 574 407 119 193 396 324 557 595 172 352 472 505 290 268 
591 107 191 286 411 590 283 0 572 468 111 318 461 570 309 153 174 428 203 270 150 388 489 448 425 146 294 130 188 511 
492 567 598 180 518 145 217 411 0 478 563 119 207 163 131 174 507 516 224 407 437 579 321 298 409 370 469 204 560 572 
296 591 376 366 507 339 545 540 127 0 526 283 382 230 461 391 500 103 299 416 593 113 456 340 209 568 546 236 542 164 
512 509 209 402 299 159 455 261 289 587 0 314 462 530 282 599 129 527 550 521 180 435 126 403 529 301 386 168 281 335 
359 588 296 520 473 544 512 557 496 499 281 0 270 362 199 190 277 532 423 267 260 594 463 548 283 460 274 143 174 414 
141 153 205 472 260 425 319 121 274 302 280 319 0 310 220 245 393 276 275 151 297 255 284 389 283 105 285 344 206 118 
236 288 513 511 560 455 122 502 516 194 265 526 380 0 246 229 216 369 519 581 485 281 339 265 480 129 496 418 448 573 
195 228 211 174 250 179 322 578 195 202 162 276 359 105 0 260 302 213 237 261 541 419 322 213 340 159 408 280 101 503 
247 291 522 219 270 565 548 121 420 192 330 523 590 552 221 0 549 136 466 387 106 334 485 319 293 595 488 420 333 487 
233 161 321 174 523 533 450 272 424 151 211 567 290 366 180 408 0 584 232 432 199 493 177 241 526 516 511 253 209 211 
144 278 164 313 456 103 370 144 538 526 547 464 314 322 272 283 553 0 218 350 402 312 245 561 192 574 405 241 594 178 
323 160 398 174 545 305 498 375 552 464 221 585 317 114 542 222 573 325 0 480 314 172 374 462 566 459 328 232 151 192 
205 203 599 300 351 556 116 124 105 574 185 200 335 379 585 599 489 516 349 0 525 240 248 110 392 555 328 209 102 269 
272 233 420 203 135 375 551 375 573 315 193 384 547 238 395 544 105 368 506 244 0 159 470 485 286 181 554 436 354 436 
206 427 503 158 434 426 592 515 465 529 115 202 116 329 382 195 243 234 163 259 393 0 436 407 103 599 217 354 239 156 
541 405 426 292 116 144 434 595 329 195 253 509 185 336 535 389 536 512 192 283 167 388 0 383 159 270 246 464 228 429 
101 395 233 414 365 218 455 251 473 429 592 427 516 262 532 579 318 131 115 409 536 409 391 0 169 554 462 244 356 578 
395 429 458 415 528 421 133 135 584 436 312 469 398 525 118 479 506 297 411 477 103 318 221 396 0 337 346 549 102 558 
470 558 477 182 187 491 391 211 108 424 282 408 106 585 485 438 413 327 280 346 121 429 160 386 422 0 361 143 554 380 
485 403 331 358 559 497 370 582 544 418 424 534 552 586 571 278 468 381 177 270 350 471 536 299 522 448 0 265 410 522 
557 535 110 568 226 368 468 192 453 168 536 345 396 102 342 293 507 447 243 408 521 510 347 471 453 170 344 0 333 424 
547 332 463 598 239 167 394 155 122 352 261 105 134 379 455 508 582 210 102 457 421 185 262 120 230 183 153 401 0 306 
130 359 545 493 403 503 279 564 376 588 329 257 366 354 557 418 247 385 355 319 277 581 237 457 381 420 139 308 204 0 

0 90 67 66 83 92 82 73 31 92 58 46 43 40 68 48 55 89 42 80 77 97 85 35 61 96 74 63 96 91 
68 0 44 66 75 71 32 33 95 38 68 65 96 58 91 62 74 72 54 60 40 40 89 62 99 77 87 50 30 91 
38 85 0 92 42 98 72 65 48 50 82 64 34 64 59 76 93 40 61 73 85 64 84 83 80 87 30 46 32 57 
57 66 55 0 51 98 61 59 54 55 46 53 41 47 84 90 53 60 46 80 75 34 30 51 66 91 32 37 52 71 
32 68 68 96 0 62 93 65 60 49 79 97 32 38 33 58 78 60 70 89 37 70 48 84 66 71 46 47 50 99 
97 41 73 32 81 0 69 48 99 55 39 94 63 68 73 35 53 77 79 60 63 64 88 56 39 78 58 60 75 34 
56 37 52 35 84 38 0 67 88 30 91 54 60 63 88 77 76 43 38 57 30 84 62 46 93 49 31 86 41 52 
65 95 77 31 36 63 80 0 58 68 68 95 77 31 41 46 78 87 86 30 61 42 30 94 55 44 87 53 57 62 
99 58 66 85 92 50 66 58 0 36 43 32 47 73 54 32 51 35 39 63 73 70 86 95 49 57 86 32 73 34 
46 35 72 77 99 84 31 75 75 0 54 81 61 35 30 85 90 79 78 47 80 87 84 53 66 82 80 89 63 36 
51 38 76 32 44 51 34 71 39 40 0 91 64 97 57 37 69 79 90 96 48 90 41 83 40 31 96 95 60 94 
56 44 74 87 55 99 69 40 51 76 61 0 68 60 85 95 46 45 94 61 51 32 46 55 70 93 46 79 83 97 
94 58 56 31 81 46 80 89 64 44 33 43 0 86 31 90 40 88 32 45 87 71 62 34 67 51 77 44 82 54 
62 47 67 69 75 55 52 55 52 57 41 35 57 0 58 87 44 74 63 59 31 38 88 79 94 85 71 58 34 62 
77 88 67 93 83 32 87 67 39 61 44 45 55 58 0 91 30 93 81 55 90 97 69 35 69 64 96 66 91 31 
39 45 86 49 71 87 70 44 59 67 74 86 73 59 41 0 58 66 50 71 62 33 43 85 51 33 63 71 95 84 
63 91 75 38 74 31 58 94 76 88 46 96 76 46 32 90 0 80 45 47 47 37 94 36 82 96 32 34 38 46 
84 48 41 52 33 87 50 78 95 33 67 32 35 57 56 81 89 0 60 84 99 58 68 63 87 41 43 47 70 64 
92 67 59 98 81 41 82 32 75 36 52 33 75 98 59 80 47 68 0 63 73 55 64 44 44 66 67 35 41 91 
35 33 91 41 56 98 69 86 31 45 37 48 64 79 39 98 80 95 70 0 96 50 88 78 43 70 43 34 72 97 
66 62 74 90 87 91 33 95 76 42 95 37 43 59 79 49 83 67 72 35 0 40 96 98 33 36 63 88 92 66 
42 35 81 73 40 36 60 84 64 74 92 73 97 82 95 44 91 93 48 59 69 0 48 89 58 33 65 86 75 38 
48 41 83 42 72 46 45 96 45 65 75 31 72 48 96 42 97 44 78 86 40 86 0 83 81 35 85 30 63 93 
36 63 69 70 53 88 57 67 35 69 37 46 36 50 57 76 65 91 39 62 72 37 34 0 60 44 63 56 89 53 
50 49 94 41 33 71 87 42 45 70 70 83 56 31 53 64 62 68 61 53 43 58 45 38 0 73 34 50 30 50 
42 34 59 49 33 93 70 92 87 79 87 98 47 53 67 71 81 90 54 91 38 71 87 39 44 0 86 30 43 91 
76 52 66 62 49 96 47 45 30 56 41 97 66 68 59 75 33 63 63 57 62 56 40 74 94 84 0 58 37 45 
68 44 95 55 51 37 75 74 44 41 53 76 67 61 78 95 41 94 89 44 65 58 53 41 40 41 64 0 34 63 
59 63 94 86 70 93 80 52 88 92 59 41 37 86 52 66 71 34 39 63 60 96 31 34 73 70 71 98 0 39 
95 51 70 87 32 56 78 66 49 39 74 38 43 35 74 60 84 90 84 45 42 32 44 91 31 93 43 84 40 0 

420.0 288.0 1 29
525.0 249.0 1 5
525.0 165.0 1 17
473.0 240.0 1 20
315.0 222.0 1 29
420.0 222.0 1 29
525.0 201.0 1 10
368.0 189.0 1 28
525.0 225.0 2 5
420.0 162.0 2 19
525.0 222.0 2 17
368.0 96.0 2 7
368.0 267.0 2 23
473.0 267.0 2 23
315.0 132.0 2 3
420.0 273.0 2 30
473.0 99.0 2 8
525.0 96.0 2 7
368.0 183.0 3 19
473.0 114.0 3 1
368.0 255.0 3 21
315.0 96.0 3 29
315.0 114.0 3 1
473.0 249.0 3 24
315.0 165.0 4 10
525.0 294.0 4 6
420.0 165.0 4 3
525.0 111.0 4 28
315.0 138.0 4 11
525.0 267.0 5 20
525.0 180.0 5 9
525.0 237.0 5 11
315.0 252.0 5 24
420.0 114.0 5 14
420.0 141.0 5 28
473.0 174.0 5 16
473.0 243.0 6 5
368.0 297.0 6 9
525.0 297.0 6 9
525.0 105.0 6 16
525.0 165.0 6 10
368.0 282.0 6 12
315.0 237.0 6 19
525.0 189.0 6 21
473.0 180.0 6 20
368.0 282.0 6 12
368.0 231.0 7 16
525.0 156.0 7 30
473.0 162.0 7 12
525.0 228.0 7 17
368.0 111.0 7 2
315.0 171.0 7 20
315.0 105.0 7 4
368.0 195.0 8 1
368.0 108.0 8 5
368.0 189.0 8 6
315.0 165.0 8 25
525.0 195.0 8 1
315.0 165.0 8 25
525.0 297.0 9 1
473.0 162.0 9 15
420.0 255.0 9 4
525.0 255.0 9 4
473.0 189.0 9 20
525.0 147.0 9 25
420.0 276.0 9 5
315.0 285.0 9 24
420.0 240.0 10 27
473.0 225.0 10 9
368.0 159.0 10 24
420.0 159.0 10 24
315.0 159.0 10 24
368.0 93.0 11 26
473.0 123.0 11 23
473.0 120.0 11 25
368.0 249.0 11 24
420.0 96.0 11 4
420.0 153.0 11 1
315.0 261.0 12 4
420.0 249.0 12 29
525.0 210.0 12 25
315.0 183.0 12 11
420.0 249.0 12 29
368.0 138.0 12 17
525.0 282.0 12 19
473.0 138.0 12 23
315.0 210.0 12 25
420.0 132.0 13 28
525.0 120.0 13 17
473.0 102.0 13 24
420.0 264.0 13 18
315.0 270.0 13 16
420.0 213.0 14 27
368.0 222.0 14 18
525.0 132.0 14 17
473.0 225.0 14 5
315.0 189.0 14 19
420.0 156.0 14 7
525.0 255.0 14 26
315.0 273.0 15 29
368.0 249.0 15 5
368.0 192.0 15 26
315.0 198.0 15 28
525.0 243.0 15 19
368.0 201.0 15 3
420.0 279.0 15 18
368.0 96.0 15 6
525.0 135.0 16 2
315.0 258.0 16 3
473.0 186.0 16 21
525.0 213.0 16 20
473.0 129.0 16 23
473.0 150.0 16 19
420.0 174.0 17 7
315.0 225.0 17 3
315.0 228.0 17 13
420.0 114.0 17 4
525.0 111.0 17 22
525.0 222.0 17 5
525.0 138.0 17 11
525.0 138.0 17 14
420.0 144.0 18 2
420.0 261.0 18 6
473.0 123.0 18 3
368.0 210.0 18 29
525.0 123.0 18 3
368.0 267.0 18 17
315.0 192.0 19 23
473.0 99.0 19 12
525.0 198.0 19 26
420.0 219.0 19 21
315.0 189.0 19 20
525.0 96.0 19 8
525.0 192.0 19 23
368.0 276.0 19 1
525.0 243.0 19 5
420.0 132.0 19 24
315.0 129.0 20 27
473.0 207.0 20 7
368.0 129.0 20 25
420.0 258.0 20 8
525.0 264.0 20 23
420.0 264.0 20 23
315.0 111.0 21 12
473.0 99.0 21 7
525.0 126.0 21 10
525.0 111.0 21 12
525.0 264.0 21 28
315.0 126.0 21 10
420.0 264.0 21 28
368.0 201.0 21 18
315.0 198.0 21 30
473.0 177.0 21 14
473.0 267.0 22 24
525.0 219.0 22 4
420.0 246.0 22 14
525.0 252.0 22 8
473.0 132.0 22 16
420.0 132.0 22 16
525.0 144.0 22 23
368.0 234.0 23 19
420.0 216.0 23 5
315.0 291.0 23 17
420.0 249.0 23 24
315.0 249.0 23 24
315.0 195.0 23 10
420.0 126.0 23 4
315.0 135.0 23 7
315.0 138.0 23 6
368.0 186.0 24 20
525.0 108.0 24 1
368.0 264.0 24 6
315.0 138.0 24 12
368.0 207.0 24 3
525.0 111.0 24 22
473.0 108.0 24 13
525.0 201.0 24 8
525.0 204.0 25 18
420.0 93.0 25 14
473.0 249.0 25 12
473.0 114.0 25 24
525.0 210.0 25 10
473.0 204.0 25 18
473.0 159.0 25 20
525.0 129.0 25 21
420.0 135.0 25 9
473.0 132.0 26 25
473.0 99.0 26 5
368.0 270.0 26 18
473.0 213.0 26 16
420.0 117.0 26 24
473.0 141.0 26 13
315.0 258.0 26 27
420.0 237.0 26 10
420.0 99.0 26 5
420.0 189.0 27 19
525.0 141.0 27 7
315.0 135.0 27 30
420.0 168.0 27 22
315.0 168.0 27 10
525.0 222.0 27 24
368.0 189.0 27 18
473.0 186.0 27 4
315.0 132.0 28 2
420.0 111.0 28 6
315.0 174.0 28 22
525.0 195.0 28 21
525.0 195.0 28 21
473.0 204.0 28 1
420.0 189.0 29 20
368.0 177.0 29 11
525.0 177.0 29 11
420.0 219.0 29 25
315.0 180.0 29 21
525.0 210.0 30 3
315.0 120.0 30 29
420.0 180.0 30 16
473.0 180.0 30 16
420.0 153.0 30 2
368.0 135.0 30 20

0 521 321 329 236 251 413 130 369 377 241 232 382 362 294 185 304 321 333 336 280 373 367 405 361 276 359 260 0 363 
0 521 321 329 0 251 413 130 369 377 241 232 382 362 294 185 304 321 333 336 280 373 367 405 361 276 359 260 285 363 
0 521 321 329 236 251 413 130 369 377 241 232 382 362 294 185 0 321 333 336 280 373 367 405 361 276 359 260 285 363 
0 521 321 329 236 251 413 130 369 377 241 232 382 362 294 185 304 321 333 0 280 373 367 405 361 276 359 260 285 363 
0 521 321 329 236 251 413 130 369 377 241 232 382 362 294 185 304 321 333 336 280 373 367 405 361 276 359 260 0 363 
0 521 321 329 236 251 413 130 369 377 241 232 382 362 294 185 304 321 333 336 280 373 367 405 361 276 359 260 0 363 
0 521 321 329 236 251 413 130 369 0 241 232 382 362 294 185 304 321 333 336 280 373 367 405 361 276 359 260 285 363 
0 521 321 329 236 251 413 130 369 377 241 232 382 362 294 185 304 321 333 336 280 373 367 405 361 276 359 0 285 363 
243 0 230 551 0 295 378 355 183 411 304 483 320 196 352 274 490 490 263 552 493 358 377 274 477 138 533 545 113 155 
243 0 230 551 173 295 378 355 183 411 304 483 320 196 352 274 490 490 0 552 493 358 377 274 477 138 533 545 113 155 
243 0 230 551 173 295 378 355 183 411 304 483 320 196 352 274 0 490 263 552 493 358 377 274 477 138 533 545 113 155 
243 0 230 551 173 295 0 355 183 411 304 483 320 196 352 274 490 490 263 552 493 358 377 274 477 138 533 545 113 155 
243 0 230 551 173 295 378 355 183 411 304 483 320 196 352 274 490 490 263 552 493 358 0 274 477 138 533 545 113 155 
243 0 230 551 173 295 378 355 183 411 304 483 320 196 352 274 490 490 263 552 493 358 0 274 477 138 533 545 113 155 
243 0 0 551 173 295 378 355 183 411 304 483 320 196 352 274 490 490 263 552 493 358 377 274 477 138 533 545 113 155 
243 0 230 551 173 295 378 355 183 411 304 483 320 196 352 274 490 490 263 552 493 358 377 274 477 138 533 545 113 0 
243 0 230 551 173 295 378 0 183 411 304 483 320 196 352 274 490 490 263 552 493 358 377 274 477 138 533 545 113 155 
243 0 230 551 173 295 0 355 183 411 304 483 320 196 352 274 490 490 263 552 493 358 377 274 477 138 533 545 113 155 
267 258 0 206 477 200 558 594 568 549 431 158 382 583 595 228 430 467 0 327 143 259 433 289 397 419 585 419 422 259 
0 258 0 206 477 200 558 594 568 549 431 158 382 583 595 228 430 467 307 327 143 259 433 289 397 419 585 419 422 259 
267 258 0 206 477 200 558 594 568 549 431 158 382 583 595 228 430 467 307 327 0 259 433 289 397 419 585 419 422 259 
267 258 0 206 477 200 558 594 568 549 431 158 382 583 595 228 430 467 307 327 143 259 433 289 397 419 585 419 0 259 
0 258 0 206 477 200 558 594 568 549 431 158 382 583 595 228 430 467 307 327 143 259 433 289 397 419 585 419 422 259 
267 258 0 206 477 200 558 594 568 549 431 158 382 583 595 228 430 467 307 327 143 259 433 0 397 419 585 419 422 259 
382 499 457 0 590 341 435 438 264 0 106 422 445 134 248 236 445 425 455 133 340 205 276 521 231 501 389 196 430 349 
382 499 457 0 590 0 435 438 264 453 106 422 445 134 248 236 445 425 455 133 340 205 276 521 231 501 389 196 430 349 
382 499 0 0 590 341 435 438 264 453 106 422 445 134 248 236 445 425 455 133 340 205 276 521 231 501 389 196 430 349 
382 499 457 0 590 341 435 438 264 453 106 422 445 134 248 236 445 425 455 133 340 205 276 521 231 501 389 0 430 349 
382 499 457 0 590 341 435 438 264 453 0 422 445 134 248 236 445 425 455 133 340 205 276 521 231 501 389 196 430 349 
129 284 381 207 0 447 579 414 431 365 238 364 534 212 185 402 244 251 131 0 269 137 555 327 396 588 123 345 428 362 
129 284 381 207 0 447 579 414 0 365 238 364 534 212 185 402 244 251 131 100 269 137 555 327 396 588 123 345 428 362 
129 284 381 207 0 447 579 414 431 365 0 364 534 212 185 402 244 251 131 100 269 137 555 327 396 588 123 345 428 362 
129 284 381 207 0 447 579 414 431 365 238 364 534 212 185 402 244 251 131 100 269 137 555 0 396 588 123 345 428 362 
129 284 381 207 0 447 579 414 431 365 238 364 534 0 185 402 244 251 131 100 269 137 555 327 396 588 123 345 428 362 
129 284 381 207 0 447 579 414 431 365 238 364 534 212 185 402 244 251 131 100 269 137 555 327 396 588 123 0 428 362 
129 284 381 207 0 447 579 414 431 365 238 364 534 212 185 0 244 251 131 100 269 137 555 327 396 588 123 345 428 362 
425 375 411 520 0 0 211 143 128 230 549 259 384 384 150 268 263 426 529 251 206 345 465 332 141 195 229 419 504 335 
425 375 411 520 496 0 211 143 0 230 549 259 384 384 150 268 263 426 529 251 206 345 465 332 141 195 229 419 504 335 
425 375 411 520 496 0 211 143 0 230 549 259 384 384 150 268 263 426 529 251 206 345 465 332 141 195 229 419 504 335 
425 375 411 520 496 0 211 143 128 230 549 259 384 384 150 0 263 426 529 251 206 345 465 332 141 195 229 419 504 335 
425 375 411 520 496 0 211 143 128 0 549 259 384 384 150 268 263 426 529 251 206 345 465 332 141 195 229 419 504 335 
425 375 411 520 496 0 211 143 128 230 549 0 384 384 150 268 263 426 529 251 206 345 465 332 141 195 229 419 504 335 
425 375 411 520 496 0 211 143 128 230 549 259 384 384 150 268 263 426 0 251 206 345 465 332 141 195 229 419 504 335 
425 375 411 520 496 0 211 143 128 230 549 259 384 384 150 268 263 426 529 251 0 345 465 332 141 195 229 419 504 335 
425 375 411 520 496 0 211 143 128 230 549 259 384 384 150 268 263 426 529 0 206 345 465 332 141 195 229 419 504 335 
425 375 411 520 496 0 211 143 128 230 549 0 384 384 150 268 263 426 529 251 206 345 465 332 141 195 229 419 504 335 
234 126 178 426 492 283 0 455 270 364 364 526 221 349 299 0 574 407 119 193 396 324 557 595 172 352 472 505 290 268 
234 126 178 426 492 283 0 455 270 364 364 526 221 349 299 473 574 407 119 193 396 324 557 595 172 352 472 505 290 0 
234 126 178 426 492 283 0 455 270 364 364 0 221 349 299 473 574 407 119 193 396 324 557 595 172 352 472 505 290 268 
234 126 178 426 492 283 0 455 270 364 364 526 221 349 299 473 0 407 119 193 396 324 557 595 172 352 472 505 290 268 
234 0 178 426 492 283 0 455 270 364 364 526 221 349 299 473 574 407 119 193 396 324 557 595 172 352 472 505 290 268 
234 126 178 426 492 283 0 455 270 364 364 526 221 349 299 473 574 407 119 0 396 324 557 595 172 352 472 505 290 268 
234 126 178 0 492 283 0 455 270 364 364 526 221 349 299 473 574 407 119 193 396 324 557 595 172 352 472 505 290 268 
0 107 191 286 411 590 283 0 572 468 111 318 461 232 309 153 174 428 203 270 150 388 489 448 425 146 294 130 188 511 
591 107 191 286 0 590 283 0 572 468 111 318 461 232 309 153 174 428 203 270 150 388 489 448 425 146 294 130 188 511 
591 107 191 286 411 0 283 0 572 468 111 318 461 232 309 153 174 428 203 270 150 388 489 448 425 146 294 130 188 511 
591 107 191 286 411 590 283 0 572 468 111 318 461 232 309 153 174 428 203 270 150 388 489 448 0 146 294 130 188 511 
0 107 191 286 411 590 283 0 572 468 111 318 461 232 309 153 174 428 203 270 150 388 489 448 425 146 294 130 188 511 
591 107 191 286 411 590 283 0 572 468 111 318 461 232 309 153 174 428 203 270 150 388 489 448 0 146 294 130 188 511 
0 567 598 180 518 145 217 411 0 478 563 119 207 163 131 174 507 516 224 407 437 579 321 298 409 370 469 204 560 572 
492 567 598 180 518 145 217 411 0 478 563 119 207 163 0 174 507 516 224 407 437 579 321 298 409 370 469 204 560 572 
492 567 598 0 518 145 217 411 0 478 563 119 207 163 131 174 507 516 224 407 437 579 321 298 409 370 469 204 560 572 
492 567 598 0 518 145 217 411 0 478 563 119 207 163 131 174 507 516 224 407 437 579 321 298 409 370 469 204 560 572 
492 567 598 180 518 145 217 411 0 478 563 119 207 163 131 174 507 516 224 0 437 579 321 298 409 370 469 204 560 572 
492 567 598 180 518 145 217 411 0 478 563 119 207 163 131 174 507 516 224 407 437 579 321 298 0 370 469 204 560 572 
492 567 598 180 0 145 217 411 0 478 563 119 207 163 131 174 507 516 224 407 437 579 321 298 409 370 469 204 560 572 
492 567 598 180 518 145 217 411 0 478 563 119 207 163 131 174 507 516 224 407 437 579 321 0 409 370 469 204 560 572 
296 591 376 366 507 339 545 540 127 0 526 283 382 230 461 391 500 103 299 416 593 113 456 340 209 568 0 236 542 164 
296 591 376 366 507 339 545 540 0 0 526 283 382 230 461 391 500 103 299 416 593 113 456 340 209 568 546 236 542 164 
296 591 376 366 507 339 545 540 127 0 526 283 382 230 461 391 500 103 299 416 593 113 456 0 209 568 546 236 542 164 
296 591 376 366 507 339 545 540 127 0 526 283 382 230 461 391 500 103 299 416 593 113 456 0 209 568 546 236 542 164 
296 591 376 366 507 339 545 540 127 0 526 283 382 230 461 391 500 103 299 416 593 113 456 0 209 568 546 236 542 164 
512 509 209 402 299 159 455 261 289 587 0 314 462 530 282 599 129 527 550 521 180 435 126 403 529 0 386 168 281 335 
512 509 209 402 299 159 455 261 289 587 0 314 462 530 282 599 129 527 550 521 180 435 0 403 529 301 386 168 281 335 
512 509 209 402 299 159 455 261 289 587 0 314 462 530 282 599 129 527 550 521 180 435 126 403 0 301 386 168 281 335 
512 509 209 402 299 159 455 261 289 587 0 314 462 530 282 599 129 527 550 521 180 435 126 0 529 301 386 168 281 335 
512 509 209 0 299 159 455 261 289 587 0 314 462 530 282 599 129 527 550 521 180 435 126 403 529 301 386 168 281 335 
0 509 209 402 299 159 455 261 289 587 0 314 462 530 282 599 129 527 550 521 180 435 126 403 529 301 386 168 281 335 
359 588 296 0 473 544 512 557 496 499 281 0 270 362 199 190 277 532 423 267 260 594 463 548 283 460 274 143 174 414 
359 588 296 520 473 544 512 557 496 499 281 0 270 362 199 190 277 532 423 267 260 594 463 548 283 460 274 143 0 414 
359 588 296 520 473 544 512 557 496 499 281 0 270 362 199 190 277 532 423 267 260 594 463 548 0 460 274 143 174 414 
359 588 296 520 473 544 512 557 496 499 0 0 270 362 199 190 277 532 423 267 260 594 463 548 283 460 274 143 174 414 
359 588 296 520 473 544 512 557 496 499 281 0 270 362 199 190 277 532 423 267 260 594 463 548 283 460 274 143 0 414 
359 588 296 520 473 544 512 557 496 499 281 0 270 362 199 190 0 532 423 267 260 594 463 548 283 460 274 143 174 414 
359 588 296 520 473 544 512 557 496 499 281 0 270 362 199 190 277 532 0 267 260 594 463 548 283 460 274 143 174 414 
359 588 296 520 473 544 512 557 496 499 281 0 270 362 199 190 277 532 423 267 260 594 0 548 283 460 274 143 174 414 
359 588 296 520 473 544 512 557 496 499 281 0 270 362 199 190 277 532 423 267 260 594 463 548 0 460 274 143 174 414 
141 153 205 472 260 425 319 121 274 302 280 319 0 310 220 245 393 276 275 151 297 255 284 389 283 105 285 0 206 118 
141 153 205 472 260 425 319 121 274 302 280 319 0 310 220 245 0 276 275 151 297 255 284 389 283 105 285 344 206 118 
141 153 205 472 260 425 319 121 274 302 280 319 0 310 220 245 393 276 275 151 297 255 284 0 283 105 285 344 206 118 
141 153 205 472 260 425 319 121 274 302 280 319 0 310 220 245 393 0 275 151 297 255 284 389 283 105 285 344 206 118 
141 153 205 472 260 425 319 121 274 302 280 319 0 310 220 0 393 276 275 151 297 255 284 389 283 105 285 344 206 118 
236 288 513 511 560 455 122 502 516 194 265 526 380 0 246 229 216 369 519 581 485 281 339 265 480 129 0 418 448 573 
236 288 513 511 560 455 122 502 516 194 265 526 380 0 246 229 216 0 519 581 485 281 339 265 480 129 496 418 448 573 
236 288 513 511 560 455 122 502 516 194 265 526 380 0 246 229 0 369 519 581 485 281 339 265 480 129 496 418 448 573 
236 288 513 511 0 455 122 502 516 194 265 526 380 0 246 229 216 369 519 581 485 281 339 265 480 129 496 418 448 573 
236 288 513 511 560 455 122 502 516 194 265 526 380 0 246 229 216 369 0 581 485 281 339 265 480 129 496 418 448 573 
236 288 513 511 560 455 0 502 516 194 265 526 380 0 246 229 216 369 519 581 485 281 339 265 480 129 496 418 448 573 
236 288 513 511 560 455 122 502 516 194 265 526 380 0 246 229 216 369 519 581 485 281 339 265 480 0 496 418 448 573 
195 228 211 174 250 179 322 578 195 202 162 276 359 105 0 260 302 213 237 261 541 419 322 213 340 159 408 280 0 503 
195 228 211 174 0 179 322 578 195 202 162 276 359 105 0 260 302 213 237 261 541 419 322 213 340 159 408 280 101 503 
195 228 211 174 250 179 322 578 195 202 162 276 359 105 0 260 302 213 237 261 541 419 322 213 340 0 408 280 101 503 
195 228 211 174 250 179 322 578 195 202 162 276 359 105 0 260 302 213 237 261 541 419 322 213 340 159 408 0 101 503 
195 228 211 174 250 179 322 578 195 202 162 276 359 105 0 260 302 213 0 261 541 419 322 213 340 159 408 280 101 503 
195 228 0 174 250 179 322 578 195 202 162 276 359 105 0 260 302 213 237 261 541 419 322 213 340 159 408 280 101 503 
195 228 211 174 250 179 322 578 195 202 162 276 359 105 0 260 302 0 237 261 541 419 322 213 340 159 408 280 101 503 
195 228 211 174 250 0 322 578 195 202 162 276 359 105 0 260 302 213 237 261 541 419 322 213 340 159 408 280 101 503 
247 0 522 219 270 565 548 121 420 192 330 523 590 552 221 0 549 136 466 387 106 334 485 319 293 595 488 420 333 487 
247 291 0 219 270 565 548 121 420 192 330 523 590 552 221 0 549 136 466 387 106 334 485 319 293 595 488 420 333 487 
247 291 522 219 270 565 548 121 420 192 330 523 590 552 221 0 549 136 466 387 0 334 485 319 293 595 488 420 333 487 
247 291 522 219 270 565 548 121 420 192 330 523 590 552 221 0 549 136 466 0 106 334 485 319 293 595 488 420 333 487 
247 291 522 219 270 565 548 121 420 192 330 523 590 552 221 0 549 136 466 387 106 334 0 319 293 595 488 420 333 487 
247 291 522 219 270 565 548 121 420 192 330 523 590 552 221 0 549 136 0 387 106 334 485 319 293 595 488 420 333 487 
233 161 321 174 523 533 0 272 424 151 211 567 290 366 180 408 0 584 232 432 199 493 177 241 526 516 511 253 209 211 
233 161 0 174 523 533 450 272 424 151 211 567 290 366 180 408 0 584 232 432 199 493 177 241 526 516 511 253 209 211 
233 161 321 174 523 533 450 272 424 151 211 567 0 366 180 408 0 584 232 432 199 493 177 241 526 516 511 253 209 211 
233 161 321 0 523 533 450 272 424 151 211 567 290 366 180 408 0 584 232 432 199 493 177 241 526 516 511 253 209 211 
233 161 321 174 523 533 450 272 424 151 211 567 290 366 180 408 0 584 232 432 199 0 177 241 526 516 511 253 209 211 
233 161 321 174 0 533 450 272 424 151 211 567 290 366 180 408 0 584 232 432 199 493 177 241 526 516 511 253 209 211 
233 161 321 174 523 533 450 272 424 151 0 567 290 366 180 408 0 584 232 432 199 493 177 241 526 516 511 253 209 211 
233 161 321 174 523 533 450 272 424 151 211 567 290 0 180 408 0 584 232 432 199 493 177 241 526 516 511 253 209 211 
144 0 164 313 456 103 370 144 538 526 547 464 314 322 272 283 553 0 218 350 402 312 245 561 192 574 405 241 594 178 
144 278 164 313 456 0 370 144 538 526 547 464 314 322 272 283 553 0 218 350 402 312 245 561 192 574 405 241 594 178 
144 278 0 313 456 103 370 144 538 526 547 464 314 322 272 283 553 0 218 350 402 312 245 561 192 574 405 241 594 178 
144 278 164 313 456 103 370 144 538 526 547 464 314 322 272 283 553 0 218 350 402 312 245 561 192 574 405 241 0 178 
144 278 0 313 456 103 370 144 538 526 547 464 314 322 272 283 553 0 218 350 402 312 245 561 192 574 405 241 594 178 
144 278 164 313 456 103 370 144 538 526 547 464 314 322 272 283 0 0 218 350 402 312 245 561 192 574 405 241 594 178 
323 160 398 174 545 305 498 375 552 464 221 585 317 114 542 222 573 325 0 480 314 172 0 462 566 459 328 232 151 192 
323 160 398 174 545 305 498 375 552 464 221 0 317 114 542 222 573 325 0 480 314 172 374 462 566 459 328 232 151 192 
323 160 398 174 545 305 498 375 552 464 221 585 317 114 542 222 573 325 0 480 314 172 374 462 566 0 328 232 151 192 
323 160 398 174 545 305 498 375 552 464 221 585 317 114 542 222 573 325 0 480 0 172 374 462 566 459 328 232 151 192 
323 160 398 174 545 305 498 375 552 464 221 585 317 114 542 222 573 325 0 0 314 172 374 462 566 459 328 232 151 192 
323 160 398 174 545 305 498 0 552 464 221 585 317 114 542 222 573 325 0 480 314 172 374 462 566 459 328 232 151 192 
323 160 398 174 545 305 498 375 552 464 221 585 317 114 542 222 573 325 0 480 314 172 0 462 566 459 328 232 151 192 
0 160 398 174 545 305 498 375 552 464 221 585 317 114 542 222 573 325 0 480 314 172 374 462 566 459 328 232 151 192 
323 160 398 174 0 305 498 375 552 464 221 585 317 114 542 222 573 325 0 480 314 172 374 462 566 459 328 232 151 192 
323 160 398 174 545 305 498 375 552 464 221 585 317 114 542 222 573 325 0 480 314 172 374 0 566 459 328 232 151 192 
205 203 599 300 351 556 116 124 105 574 185 200 335 379 585 599 489 516 349 0 525 240 248 110 392 555 0 209 102 269 
205 203 599 300 351 556 0 124 105 574 185 200 335 379 585 599 489 516 349 0 525 240 248 110 392 555 328 209 102 269 
205 203 599 300 351 556 116 124 105 574 185 200 335 379 585 599 489 516 349 0 525 240 248 110 0 555 328 209 102 269 
205 203 599 300 351 556 116 0 105 574 185 200 335 379 585 599 489 516 349 0 525 240 248 110 392 555 328 209 102 269 
205 203 599 300 351 556 116 124 105 574 185 200 335 379 585 599 489 516 349 0 525 240 0 110 392 555 328 209 102 269 
205 203 599 300 351 556 116 124 105 574 185 200 335 379 585 599 489 516 349 0 525 240 0 110 392 555 328 209 102 269 
272 233 420 203 135 375 551 375 573 315 193 0 547 238 395 544 105 368 506 244 0 159 470 485 286 181 554 436 354 436 
272 233 420 203 135 375 0 375 573 315 193 384 547 238 395 544 105 368 506 244 0 159 470 485 286 181 554 436 354 436 
272 233 420 203 135 375 551 375 573 0 193 384 547 238 395 544 105 368 506 244 0 159 470 485 286 181 554 436 354 436 
272 233 420 203 135 375 551 375 573 315 193 0 547 238 395 544 105 368 506 244 0 159 470 485 286 181 554 436 354 436 
272 233 420 203 135 375 551 375 573 315 193 384 547 238 395 544 105 368 506 244 0 159 470 485 286 181 554 0 354 436 
272 233 420 203 135 375 551 375 573 0 193 384 547 238 395 544 105 368 506 244 0 159 470 485 286 181 554 436 354 436 
272 233 420 203 135 375 551 375 573 315 193 384 547 238 395 544 105 368 506 244 0 159 470 485 286 181 554 0 354 436 
272 233 420 203 135 375 551 375 573 315 193 384 547 238 395 544 105 0 506 244 0 159 470 485 286 181 554 436 354 436 
272 233 420 203 135 375 551 375 573 315 193 384 547 238 395 544 105 368 506 244 0 159 470 485 286 181 554 436 354 0 
272 233 420 203 135 375 551 375 573 315 193 384 547 0 395 544 105 368 506 244 0 159 470 485 286 181 554 436 354 436 
206 427 503 158 434 426 592 515 465 529 115 202 116 329 382 195 243 234 163 259 393 0 436 0 103 599 217 354 239 156 
206 427 503 0 434 426 592 515 465 529 115 202 116 329 382 195 243 234 163 259 393 0 436 407 103 599 217 354 239 156 
206 427 503 158 434 426 592 515 465 529 115 202 116 0 382 195 243 234 163 259 393 0 436 407 103 599 217 354 239 156 
206 427 503 158 434 426 592 0 465 529 115 202 116 329 382 195 243 234 163 259 393 0 436 407 103 599 217 354 239 156 
206 427 503 158 434 426 592 515 465 529 115 202 116 329 382 0 243 234 163 259 393 0 436 407 103 599 217 354 239 156 
206 427 503 158 434 426 592 515 465 529 115 202 116 329 382 0 243 234 163 259 393 0 436 407 103 599 217 354 239 156 
206 427 503 158 434 426 592 515 465 529 115 202 116 329 382 195 243 234 163 259 393 0 0 407 103 599 217 354 239 156 
541 405 426 292 116 144 434 595 329 195 253 509 185 336 535 389 536 512 0 283 167 388 0 383 159 270 246 464 228 429 
541 405 426 292 0 144 434 595 329 195 253 509 185 336 535 389 536 512 192 283 167 388 0 383 159 270 246 464 228 429 
541 405 426 292 116 144 434 595 329 195 253 509 185 336 535 389 0 512 192 283 167 388 0 383 159 270 246 464 228 429 
541 405 426 292 116 144 434 595 329 195 253 509 185 336 535 389 536 512 192 283 167 388 0 0 159 270 246 464 228 429 
541 405 426 292 116 144 434 595 329 195 253 509 185 336 535 389 536 512 192 283 167 388 0 0 159 270 246 464 228 429 
541 405 426 292 116 144 434 595 329 0 253 509 185 336 535 389 536 512 192 283 167 388 0 383 159 270 246 464 228 429 
541 405 426 0 116 144 434 595 329 195 253 509 185 336 535 389 536 512 192 283 167 388 0 383 159 270 246 464 228 429 
541 405 426 292 116 144 0 595 329 195 253 509 185 336 535 389 536 512 192 283 167 388 0 383 159 270 246 464 228 429 
541 405 426 292 116 0 434 595 329 195 253 509 185 336 535 389 536 512 192 283 167 388 0 383 159 270 246 464 228 429 
101 395 233 414 365 218 455 251 473 429 592 427 516 262 532 579 318 131 115 0 536 409 391 0 169 554 462 244 356 578 
0 395 233 414 365 218 455 251 473 429 592 427 516 262 532 579 318 131 115 409 536 409 391 0 169 554 462 244 356 578 
101 395 233 414 365 0 455 251 473 429 592 427 516 262 532 579 318 131 115 409 536 409 391 0 169 554 462 244 356 578 
101 395 233 414 365 218 455 251 473 429 592 0 516 262 532 579 318 131 115 409 536 409 391 0 169 554 462 244 356 578 
101 395 0 414 365 218 455 251 473 429 592 427 516 262 532 579 318 131 115 409 536 409 391 0 169 554 462 244 356 578 
101 395 233 414 365 218 455 251 473 429 592 427 516 262 532 579 318 131 115 409 536 0 391 0 169 554 462 244 356 578 
101 395 233 414 365 218 455 251 473 429 592 427 0 262 532 579 318 131 115 409 536 409 391 0 169 554 462 244 356 578 
101 395 233 414 365 218 455 0 473 429 592 427 516 262 532 579 318 131 115 409 536 409 391 0 169 554 462 244 356 578 
395 429 458 415 528 421 133 135 584 436 312 469 398 525 118 479 506 0 411 477 103 318 221 396 0 337 346 549 102 558 
395 429 458 415 528 421 133 135 584 436 312 469 398 0 118 479 506 297 411 477 103 318 221 396 0 337 346 549 102 558 
395 429 458 415 528 421 133 135 584 436 312 0 398 525 118 479 506 297 411 477 103 318 221 396 0 337 346 549 102 558 
395 429 458 415 528 421 133 135 584 436 312 469 398 525 118 479 506 297 411 477 103 318 221 0 0 337 346 549 102 558 
395 429 458 415 528 421 133 135 584 0 312 469 398 525 118 479 506 297 411 477 103 318 221 396 0 337 346 549 102 558 
395 429 458 415 528 421 133 135 584 436 312 469 398 525 118 479 506 0 411 477 103 318 221 396 0 337 346 549 102 558 
395 429 458 415 528 421 133 135 584 436 312 469 398 525 118 479 506 297 411 0 103 318 221 396 0 337 346 549 102 558 
395 429 458 415 528 421 133 135 584 436 312 469 398 525 118 479 506 297 411 477 0 318 221 396 0 337 346 549 102 558 
395 429 458 415 528 421 133 135 0 436 312 469 398 525 118 479 506 297 411 477 103 318 221 396 0 337 346 549 102 558 
470 558 477 182 187 491 391 211 108 424 282 408 106 585 485 438 413 327 280 346 121 429 160 386 0 0 361 143 554 380 
470 558 477 182 0 491 391 211 108 424 282 408 106 585 485 438 413 327 280 346 121 429 160 386 422 0 361 143 554 380 
470 558 477 182 187 491 391 211 108 424 282 408 106 585 485 438 413 0 280 346 121 429 160 386 422 0 361 143 554 380 
470 558 477 182 187 491 391 211 108 424 282 408 106 585 485 0 413 327 280 346 121 429 160 386 422 0 361 143 554 380 
470 558 477 182 187 491 391 211 108 424 282 408 106 585 485 438 413 327 280 346 121 429 160 0 422 0 361 143 554 380 
470 558 477 182 187 491 391 211 108 424 282 408 0 585 485 438 413 327 280 346 121 429 160 386 422 0 361 143 554 380 
470 558 477 182 187 491 391 211 108 424 282 408 106 585 485 438 413 327 280 346 121 429 160 386 422 0 0 143 554 380 
470 558 477 182 187 491 391 211 108 0 282 408 106 585 485 438 413 327 280 346 121 429 160 386 422 0 361 143 554 380 
470 558 477 182 0 491 391 211 108 424 282 408 106 585 485 438 413 327 280 346 121 429 160 386 422 0 361 143 554 380 
485 403 331 358 559 497 370 582 544 418 424 534 552 586 571 278 468 381 0 270 350 471 536 299 522 448 0 265 410 522 
485 403 331 358 559 497 0 582 544 418 424 534 552 586 571 278 468 381 177 270 350 471 536 299 522 448 0 265 410 522 
485 403 331 358 559 497 370 582 544 418 424 534 552 586 571 278 468 381 177 270 350 471 536 299 522 448 0 265 410 0 
485 403 331 358 559 497 370 582 544 418 424 534 552 586 571 278 468 381 177 270 350 0 536 299 522 448 0 265 410 522 
485 403 331 358 559 497 370 582 544 0 424 534 552 586 571 278 468 381 177 270 350 471 536 299 522 448 0 265 410 522 
485 403 331 358 559 497 370 582 544 418 424 534 552 586 571 278 468 381 177 270 350 471 536 0 522 448 0 265 410 522 
485 403 331 358 559 497 370 582 544 418 424 534 552 586 571 278 468 0 177 270 350 471 536 299 522 448 0 265 410 522 
485 403 331 0 559 497 370 582 544 418 424 534 552 586 571 278 468 381 177 270 350 471 536 299 522 448 0 265 410 522 
557 0 110 568 226 368 468 192 453 168 536 345 396 102 342 293 507 447 243 408 521 510 347 471 453 170 344 0 333 424 
557 535 110 568 226 0 468 192 453 168 536 345 396 102 342 293 507 447 243 408 521 510 347 471 453 170 344 0 333 424 
557 535 110 568 226 368 468 192 453 168 536 345 396 102 342 293 507 447 243 408 521 0 347 471 453 170 344 0 333 424 
557 535 110 568 226 368 468 192 453 168 536 345 396 102 342 293 507 447 243 408 0 510 347 471 453 170 344 0 333 424 
557 535 110 568 226 368 468 192 453 168 536 345 396 102 342 293 507 447 243 408 0 510 347 471 453 170 344 0 333 424 
0 535 110 568 226 368 468 192 453 168 536 345 396 102 342 293 507 447 243 408 521 510 347 471 453 170 344 0 333 424 
547 332 463 598 239 167 394 155 122 352 261 105 134 379 455 508 582 210 102 0 421 185 262 120 230 183 153 401 0 306 
547 332 463 598 239 167 394 155 122 352 0 105 134 379 455 508 582 210 102 457 421 185 262 120 230 183 153 401 0 306 
547 332 463 598 239 167 394 155 122 352 0 105 134 379 455 508 582 210 102 457 421 185 262 120 230 183 153 401 0 306 
547 332 463 598 239 167 394 155 122 352 261 105 134 379 455 508 582 210 102 457 421 185 262 120 0 183 153 401 0 306 
547 332 463 598 239 167 394 155 122 352 261 105 134 379 455 508 582 210 102 457 0 185 262 120 230 183 153 401 0 306 
130 359 0 493 403 503 279 564 376 588 329 257 366 354 557 418 247 385 355 319 277 581 237 457 381 420 139 308 204 0 
130 359 545 493 403 503 279 564 376 588 329 257 366 354 557 418 247 385 355 319 277 581 237 457 381 420 139 308 0 0 
130 359 545 493 403 503 279 564 376 588 329 257 366 354 557 0 247 385 355 319 277 581 237 457 381 420 139 308 204 0 
130 359 545 493 403 503 279 564 376 588 329 257 366 354 557 0 247 385 355 319 277 581 237 457 381 420 139 308 204 0 
130 0 545 493 403 503 279 564 376 588 329 257 366 354 557 418 247 385 355 319 277 581 237 457 381 420 139 308 204 0 
130 359 545 493 403 503 279 564 376 588 329 257 366 354 557 418 247 385 355 0 277 581 237 457 381 420 139 308 204 0 

4591.5
1 0.0 0.0
2 113.0 6.0
3 249.0 12.0
4 418.0 19.0
5 319.0 10.0
6 441.0 34.0
7 433.0 36.0
8 453.0 34.0
9 584.0 22.0
10 187.0 22.0
11 490.0 15.0
12 195.0 29.0
13 153.0 6.0
14 332.0 37.0
15 148.0 6.0
16 316.0 37.0
17 588.0 8.0
18 207.0 38.0
19 388.0 19.0
20 108.0 38.0
21 583.0 27.0
22 282.0 17.0
23 314.0 19.0
24 117.0 35.0
25 227.0 32.0
26 435.0 6.0
27 304.0 27.0
28 294.0 37.0
29 201.0 2.0
30 304.0 19.0
