40 408 5

0 340 475 139 416 179 453 255 248 600 550 465 643 571 238 330 645 364 321 540 571 310 440 622 475 656 285 562 235 512 491 572 261 134 220 193 248 371 205 562 
698 0 309 188 692 481 472 506 205 217 474 482 540 551 642 193 525 108 302 680 425 334 273 605 254 104 101 288 120 538 658 569 243 211 459 439 540 154 465 258 
339 549 0 262 346 143 376 160 521 374 247 305 115 207 399 255 446 262 694 508 644 291 651 260 317 104 512 558 594 581 468 546 476 570 389 237 547 432 330 100 
346 180 487 0 419 128 169 218 280 634 561 434 488 203 248 487 245 133 253 388 268 561 221 297 143 403 550 461 635 161 317 497 312 474 148 120 352 347 180 546 
638 589 170 616 0 381 202 345 129 666 438 309 555 407 426 519 518 228 299 122 258 556 369 224 400 649 636 641 566 453 553 114 476 351 314 590 428 158 676 588 
215 245 290 100 417 0 107 143 471 406 574 568 186 311 243 607 126 357 300 260 376 382 118 390 376 324 454 495 312 499 184 678 467 507 476 118 255 683 557 308 
688 631 231 222 475 520 0 221 494 219 466 308 558 548 339 687 517 210 494 551 415 164 399 271 147 315 226 410 334 529 404 337 454 312 539 357 617 504 154 181 
563 171 300 197 277 193 129 0 123 251 244 422 543 646 279 511 510 472 432 432 267 255 286 657 555 240 593 423 411 501 397 359 104 321 322 326 651 199 172 484 
559 555 241 343 376 664 676 532 0 442 417 486 568 371 419 107 556 414 303 576 623 197 654 439 589 162 324 668 182 386 535 576 377 343 665 199 327 608 673 296 
388 231 625 312 103 566 520 148 451 0 535 206 545 231 327 648 289 352 575 186 533 646 151 449 225 483 294 459 369 600 450 261 494 410 544 596 652 249 217 376 
435 658 410 250 216 162 438 463 632 418 0 666 564 433 643 380 329 492 631 569 426 554 134 578 520 658 290 698 183 301 658 215 368 566 379 322 135 353 533 356 
407 287 545 271 641 675 657 583 243 453 447 0 163 173 672 311 220 247 521 481 120 366 606 150 195 653 425 652 212 280 472 564 247 204 555 377 492 482 641 219 
115 131 110 161 497 205 541 573 100 236 486 394 0 272 356 317 176 243 210 367 232 155 290 321 627 250 274 471 540 299 590 677 262 500 197 413 296 135 497 630 
278 327 340 174 457 324 101 628 566 370 466 276 371 0 412 240 200 325 129 133 351 680 288 295 140 598 638 181 686 609 121 347 375 499 679 251 668 682 352 302 
336 546 117 435 629 466 627 350 608 168 136 354 240 640 0 281 409 123 151 157 423 652 175 658 271 188 595 682 389 324 562 153 459 341 344 542 399 381 400 380 
233 423 326 683 667 645 176 632 409 628 141 390 567 579 278 0 567 210 353 593 339 439 595 508 643 223 695 438 235 156 321 569 314 477 215 628 663 349 146 517 
122 506 260 435 563 202 552 546 579 295 466 616 550 219 652 644 0 162 215 154 358 390 549 532 137 130 245 189 245 143 332 460 562 370 345 439 327 410 242 182 
367 635 651 483 221 487 174 436 359 393 158 586 653 397 117 386 133 0 543 278 366 311 406 357 103 227 333 106 664 235 430 604 138 634 259 586 344 268 155 469 
302 503 381 289 579 559 211 482 592 576 518 251 636 332 362 106 597 516 0 342 320 357 651 587 460 159 646 215 583 564 216 156 322 487 498 641 603 585 520 541 
303 257 438 411 337 108 681 351 617 437 106 475 144 641 341 198 247 297 352 0 578 127 245 439 296 610 274 588 538 105 143 627 533 664 482 492 137 516 130 290 
623 484 280 344 286 653 271 531 305 439 589 147 672 229 597 619 394 122 331 655 0 380 599 475 557 513 377 358 445 461 655 186 458 167 433 564 514 363 179 549 
434 258 345 206 155 199 341 553 417 222 108 198 137 314 383 599 658 131 438 529 101 0 587 182 103 375 300 698 252 173 328 279 461 686 307 514 585 276 321 261 
230 668 520 134 353 534 138 256 193 110 697 322 240 312 238 262 655 115 369 357 429 644 0 279 101 380 411 210 188 233 354 467 182 566 602 420 419 453 496 685 
588 499 229 478 435 222 571 340 538 125 563 497 268 306 283 636 472 230 628 666 517 570 330 0 672 287 190 429 503 422 680 485 154 575 186 682 206 436 376 217 
382 575 628 450 419 581 304 550 196 629 168 527 304 567 241 343 445 625 290 370 419 573 661 104 0 155 630 474 210 621 425 641 302 539 249 201 558 232 586 258 
122 419 487 115 302 382 320 313 182 174 147 670 253 638 362 473 685 332 357 631 497 680 366 509 383 0 213 595 329 169 253 193 149 634 629 291 678 462 618 170 
103 482 438 118 213 570 307 451 287 321 475 151 653 563 610 591 385 575 696 426 334 296 495 541 691 218 0 501 405 548 354 470 435 430 167 146 585 573 284 542 
603 292 143 458 577 415 699 414 521 672 386 250 329 493 567 472 546 579 639 520 488 153 671 240 245 395 297 0 102 270 280 296 196 286 211 283 590 502 155 319 
498 470 623 388 301 140 386 377 262 283 510 564 305 552 184 458 387 374 696 348 493 273 524 594 519 647 152 498 0 466 131 276 153 217 123 561 210 261 409 465 
492 580 590 418 117 270 514 471 389 659 465 372 653 132 415 643 166 428 612 536 174 547 187 125 662 104 196 659 239 0 255 329 518 386 238 422 611 446 152 673 
392 292 693 129 672 479 207 156 347 408 168 640 374 237 133 490 259 657 177 661 688 471 575 563 316 360 305 567 532 500 0 510 586 321 101 419 412 498 367 121 
627 254 179 166 359 358 395 563 334 571 472 482 467 692 695 153 576 385 162 631 669 657 674 466 169 364 506 147 613 446 391 0 663 192 345 172 530 429 269 146 
370 217 247 125 189 560 668 401 696 583 112 579 518 660 495 484 441 289 630 160 696 528 599 101 108 264 440 207 208 510 487 352 0 101 311 508 533 400 113 315 
387 241 586 636 384 169 552 529 623 646 399 515 315 309 305 377 380 198 135 199 400 573 262 407 136 442 141 422 475 398 354 549 193 0 336 525 466 549 571 125 
267 534 382 286 271 359 521 211 345 569 206 496 529 226 619 217 385 167 219 206 129 413 603 336 247 165 672 141 695 318 115 143 626 637 0 605 442 630 439 245 
420 362 575 123 296 132 418 504 547 521 112 388 103 521 677 244 333 436 565 606 469 373 407 594 610 577 136 495 633 508 696 526 351 505 538 0 135 338 299 588 
271 600 324 383 419 492 169 592 603 407 265 309 685 570 433 683 293 242 429 492 311 676 540 526 409 288 416 438 431 139 337 532 692 404 510 392 0 257 112 543 
682 694 200 233 631 139 232 191 303 305 203 673 436 153 410 276 389 209 547 294 608 679 446 220 238 435 579 698 599 325 663 301 655 368 422 201 657 0 498 658 
427 167 488 281 594 588 339 117 534 216 425 332 301 323 690 488 246 349 496 353 172 185 513 254 113 226 301 283 396 534 486 540 600 175 392 592 331 608 0 239 
225 272 613 439 615 249 507 477 324 132 134 408 498 600 353 354 529 437 208 641 637 198 258 204 291 348 315 492 380 528 133 314 211 620 694 399 232 630 588 0 

0 82 72 96 20 67 36 81 95 26 21 42 88 73 75 62 68 68 81 77 47 84 82 35 97 96 83 52 71 56 29 25 73 66 76 77 63 86 87 71 
39 0 81 96 39 83 42 68 63 73 43 71 75 76 50 67 49 74 72 64 24 64 84 29 77 61 77 83 64 55 93 75 71 69 41 65 23 99 74 70 
72 36 0 91 67 72 87 78 89 66 89 71 94 87 94 92 71 96 68 40 94 98 21 63 95 60 39 90 48 38 34 88 79 50 67 77 66 82 73 61 
96 96 55 0 20 72 72 96 96 80 70 70 86 63 94 20 91 93 89 23 61 62 72 83 67 89 75 33 21 98 88 71 98 31 81 70 98 62 96 53 
49 22 67 26 0 84 67 95 68 75 73 82 43 33 45 39 57 66 83 68 80 63 84 99 33 82 86 32 91 71 33 61 92 83 69 62 52 93 37 50 
67 83 72 72 25 0 66 89 25 56 94 51 62 66 92 23 68 83 65 88 81 65 91 71 83 84 50 39 63 91 61 87 29 74 95 60 65 69 40 87 
51 46 87 72 54 31 0 85 41 61 43 67 32 84 71 60 41 96 84 57 73 86 65 89 87 72 96 50 81 27 71 69 36 63 44 91 74 93 61 80 
49 68 78 96 95 89 85 0 68 81 88 35 56 52 96 42 52 22 31 80 61 60 70 71 56 96 25 48 76 56 61 84 95 90 97 71 37 87 74 58 
28 35 89 96 68 42 37 28 0 35 29 78 78 89 52 63 49 84 97 30 77 96 71 33 95 78 93 48 98 78 95 77 97 94 67 95 80 93 43 73 
42 73 59 80 75 52 33 81 39 0 49 77 76 60 73 43 66 65 32 87 46 65 76 99 90 77 95 45 83 48 43 99 25 40 26 29 39 83 64 93 
36 39 49 70 73 94 25 44 29 52 0 34 36 43 84 60 74 74 34 74 50 98 83 54 77 71 82 98 86 72 82 82 78 50 87 67 74 81 49 72 
42 71 38 70 34 28 21 24 78 28 50 0 67 63 96 69 86 63 76 20 66 85 66 78 78 45 85 78 65 68 30 37 62 96 38 66 85 37 94 67 
88 75 94 86 55 62 54 35 78 76 34 34 0 80 65 62 82 88 89 92 60 72 74 91 77 78 83 60 76 75 81 25 87 61 78 96 81 74 73 56 
73 76 87 63 41 66 84 44 23 60 44 63 80 0 50 69 63 73 83 79 67 92 86 75 61 46 29 91 25 74 93 99 70 82 96 68 50 87 70 90 
75 33 94 59 22 25 24 96 38 73 84 96 65 41 0 83 31 61 76 70 37 83 81 73 75 74 43 30 74 64 85 74 27 67 75 26 42 93 43 70 
62 32 92 41 49 53 60 36 23 20 60 50 50 29 83 0 23 76 79 97 82 32 95 51 98 60 23 26 67 77 97 64 88 62 90 62 26 71 89 83 
68 41 71 59 50 68 38 50 35 66 35 35 35 63 30 41 0 70 95 94 90 55 39 28 98 99 76 69 84 72 81 59 58 95 77 92 92 54 87 97 
68 57 57 28 66 21 96 54 84 28 74 57 53 32 61 76 70 0 34 64 95 68 95 74 78 93 73 80 73 91 42 80 79 66 92 34 98 91 97 55 
81 54 68 89 29 42 84 44 44 52 49 76 21 83 76 79 30 32 0 84 69 70 84 49 87 66 57 61 26 43 75 61 98 66 69 51 54 34 27 94 
77 64 39 21 68 88 33 80 40 56 74 36 92 47 70 97 94 64 84 0 51 99 94 38 88 51 81 35 78 79 77 28 65 66 65 52 89 82 80 88 
50 59 94 61 80 48 73 41 77 25 52 66 59 67 45 43 54 95 69 21 0 87 48 41 26 49 82 61 21 90 29 92 21 64 64 38 70 77 91 45 
59 64 98 62 63 65 86 57 24 65 98 85 72 92 83 20 49 68 34 21 87 0 51 78 60 67 73 72 61 91 63 96 26 39 64 73 26 63 71 65 
82 49 21 72 84 30 65 70 71 76 29 66 74 86 81 95 58 95 84 94 40 21 0 97 68 76 42 63 69 82 79 41 97 67 57 45 52 22 45 74 
36 57 63 40 51 71 22 71 45 99 44 58 91 75 73 20 53 74 47 26 47 49 97 0 90 98 89 81 30 97 31 23 89 57 71 55 64 81 86 90 
97 50 51 55 44 53 87 52 95 24 77 35 77 47 75 98 27 38 87 88 45 41 43 90 0 85 58 88 96 51 80 68 92 81 91 77 27 82 96 77 
96 47 48 89 82 84 72 96 78 77 71 58 78 36 74 31 25 93 66 39 37 52 76 22 85 0 78 55 70 91 77 61 69 34 69 89 91 47 96 86 
83 25 22 75 86 28 96 58 93 95 50 85 55 35 46 44 76 57 58 21 82 73 49 24 43 78 0 69 68 97 87 22 41 81 80 98 38 47 63 80 
36 83 90 23 23 49 29 54 40 38 98 78 60 28 42 54 21 36 32 47 54 72 20 81 88 59 69 0 75 98 80 65 93 85 99 69 24 29 64 88 
56 27 31 53 91 63 81 76 98 83 26 36 76 35 74 45 48 73 25 78 47 61 46 52 25 33 68 20 0 69 66 82 89 65 98 45 84 67 27 97 
36 24 54 49 71 91 42 47 44 38 40 68 37 74 42 44 72 57 28 47 90 35 82 97 47 91 97 59 69 0 61 83 59 94 63 50 83 62 96 21 
28 93 33 88 42 31 71 61 95 40 82 41 81 93 85 58 81 51 75 36 46 58 42 51 80 77 87 58 59 45 0 46 50 61 73 51 80 46 89 69 
35 75 88 71 61 87 40 27 77 55 56 28 23 32 48 64 31 80 61 54 27 21 50 41 68 61 32 65 46 44 37 0 62 79 95 99 54 99 68 82 
73 71 79 98 92 37 23 28 51 20 78 20 56 25 49 20 29 79 34 65 55 52 24 89 92 69 45 93 89 42 43 62 0 66 84 68 52 54 75 82 
41 69 28 31 83 74 48 50 41 55 32 45 61 82 67 62 95 66 66 66 27 37 67 42 81 58 81 35 26 53 61 32 66 0 93 54 30 80 92 99 
76 27 67 81 69 95 52 97 67 29 87 32 33 96 54 90 77 92 69 65 64 33 23 71 91 69 36 99 33 63 73 95 59 23 0 52 32 20 28 66 
48 65 38 70 62 60 42 56 28 46 67 32 96 22 29 62 92 51 52 40 41 73 52 23 48 44 98 46 57 30 23 31 68 38 45 0 84 97 80 50 
63 45 66 98 55 27 74 57 39 57 74 85 45 43 21 41 92 98 57 55 70 23 25 37 25 91 45 40 20 83 80 30 31 25 46 21 0 85 73 79 
57 55 82 62 35 69 93 87 93 83 81 32 25 87 38 71 57 91 47 82 26 51 50 81 82 44 27 37 56 62 58 99 58 80 59 97 25 0 47 36 
52 74 26 96 52 54 61 74 52 64 32 94 73 70 20 33 87 97 41 80 91 71 47 86 96 96 63 64 41 29 44 42 48 92 52 28 73 24 0 61 
71 70 30 54 50 87 26 59 73 93 72 52 29 36 70 83 54 43 94 40 28 65 74 90 77 86 80 28 97 35 69 82 82 47 22 55 79 46 57 0 

544.0 246.0 1 23
476.0 165.0 1 16
408.0 180.0 1 6
680.0 258.0 1 26
544.0 180.0 1 6
476.0 150.0 1 9
408.0 153.0 1 33
612.0 159.0 1 14
680.0 171.0 1 39
680.0 75.0 1 32
476.0 141.0 1 21
680.0 165.0 1 19
680.0 153.0 1 33
680.0 105.0 1 24
544.0 183.0 1 20
408.0 117.0 2 1
476.0 69.0 2 37
544.0 288.0 2 4
476.0 207.0 2 34
476.0 249.0 2 6
544.0 195.0 2 36
680.0 222.0 2 39
544.0 192.0 2 29
612.0 150.0 2 15
680.0 150.0 2 15
680.0 213.0 2 12
612.0 222.0 2 18
612.0 192.0 2 20
408.0 216.0 2 19
544.0 213.0 2 33
476.0 282.0 3 13
408.0 114.0 3 30
612.0 261.0 3 14
544.0 216.0 3 1
544.0 294.0 3 22
612.0 216.0 3 1
612.0 198.0 3 37
544.0 213.0 3 12
476.0 216.0 3 6
680.0 180.0 3 26
476.0 180.0 3 26
680.0 213.0 3 12
408.0 102.0 3 31
612.0 288.0 4 8
544.0 216.0 4 7
680.0 258.0 4 13
680.0 240.0 4 10
544.0 186.0 4 22
408.0 159.0 4 40
408.0 240.0 4 10
612.0 219.0 5 11
408.0 285.0 5 8
544.0 186.0 5 36
408.0 213.0 5 30
680.0 117.0 5 16
476.0 246.0 5 12
544.0 246.0 5 26
544.0 78.0 5 4
680.0 171.0 5 17
476.0 267.0 6 8
408.0 276.0 6 15
612.0 282.0 6 11
612.0 273.0 6 23
408.0 264.0 6 20
680.0 273.0 6 30
680.0 288.0 7 18
408.0 201.0 7 12
476.0 267.0 7 24
612.0 279.0 7 38
476.0 213.0 7 15
544.0 201.0 7 12
408.0 255.0 7 8
476.0 96.0 7 13
612.0 207.0 7 32
544.0 288.0 7 18
476.0 108.0 7 33
544.0 210.0 8 23
408.0 204.0 8 2
612.0 174.0 8 40
612.0 288.0 8 15
544.0 204.0 8 2
476.0 168.0 8 25
408.0 105.0 8 12
544.0 168.0 8 13
544.0 144.0 8 28
612.0 156.0 8 17
408.0 222.0 8 39
680.0 261.0 8 38
544.0 285.0 9 31
476.0 147.0 9 17
680.0 279.0 9 38
476.0 90.0 9 20
544.0 126.0 9 6
680.0 285.0 9 36
476.0 240.0 9 37
408.0 285.0 9 25
544.0 240.0 9 37
408.0 189.0 9 16
544.0 285.0 9 36
680.0 156.0 9 15
680.0 288.0 9 4
408.0 285.0 9 31
408.0 147.0 9 17
544.0 225.0 10 5
544.0 198.0 10 17
544.0 117.0 10 37
612.0 144.0 10 30
476.0 285.0 10 27
544.0 96.0 10 19
680.0 126.0 10 1
408.0 126.0 10 1
612.0 117.0 11 2
408.0 216.0 11 30
544.0 201.0 11 36
408.0 117.0 11 2
612.0 234.0 11 33
612.0 102.0 11 12
544.0 294.0 11 22
544.0 102.0 11 19
476.0 150.0 11 34
680.0 219.0 11 5
612.0 132.0 11 8
680.0 246.0 11 27
408.0 84.0 12 10
680.0 288.0 12 34
680.0 198.0 12 23
612.0 258.0 12 17
612.0 210.0 12 4
476.0 255.0 12 22
476.0 225.0 13 2
476.0 258.0 13 4
408.0 183.0 13 34
680.0 186.0 13 16
612.0 102.0 13 12
408.0 186.0 13 16
612.0 273.0 13 24
408.0 240.0 13 14
544.0 162.0 13 7
680.0 102.0 13 12
680.0 231.0 13 25
680.0 243.0 13 31
408.0 219.0 13 39
612.0 264.0 13 18
680.0 102.0 13 11
544.0 288.0 14 35
476.0 69.0 14 9
476.0 276.0 14 22
544.0 261.0 14 38
680.0 225.0 14 24
476.0 189.0 14 17
544.0 225.0 15 35
544.0 81.0 15 33
408.0 66.0 15 5
476.0 66.0 15 5
408.0 222.0 15 26
408.0 210.0 15 20
408.0 288.0 15 8
612.0 267.0 16 39
680.0 159.0 16 6
408.0 108.0 16 8
612.0 291.0 16 20
680.0 270.0 16 35
544.0 186.0 16 1
476.0 264.0 16 33
476.0 186.0 16 1
408.0 213.0 16 38
612.0 87.0 16 14
680.0 123.0 16 4
544.0 180.0 16 26
476.0 69.0 16 9
612.0 291.0 16 20
544.0 150.0 17 8
408.0 105.0 17 12
408.0 297.0 17 26
612.0 282.0 17 20
544.0 276.0 17 36
408.0 105.0 17 12
544.0 270.0 17 21
408.0 84.0 18 4
680.0 240.0 18 32
476.0 159.0 18 13
680.0 102.0 18 19
612.0 291.0 18 39
476.0 198.0 18 5
476.0 165.0 18 40
476.0 198.0 18 34
612.0 252.0 19 7
408.0 243.0 19 1
680.0 237.0 19 16
476.0 78.0 19 29
544.0 183.0 19 28
408.0 63.0 19 13
544.0 78.0 19 29
544.0 126.0 19 6
612.0 237.0 19 16
612.0 183.0 19 32
408.0 183.0 19 32
476.0 207.0 19 35
476.0 126.0 19 6
544.0 192.0 20 2
476.0 240.0 20 39
612.0 246.0 20 38
476.0 291.0 20 16
544.0 153.0 20 21
680.0 153.0 20 21
612.0 282.0 20 17
476.0 264.0 20 25
544.0 120.0 20 9
612.0 114.0 21 36
476.0 219.0 21 7
544.0 63.0 21 33
408.0 198.0 21 12
476.0 177.0 21 2
544.0 276.0 21 32
408.0 135.0 21 40
408.0 123.0 21 8
544.0 156.0 21 11
476.0 282.0 21 3
544.0 123.0 21 8
612.0 270.0 21 30
476.0 198.0 21 12
680.0 78.0 22 33
544.0 189.0 22 5
612.0 195.0 22 40
680.0 78.0 22 37
544.0 177.0 22 1
544.0 216.0 22 13
680.0 213.0 22 39
544.0 171.0 22 8
476.0 102.0 22 19
476.0 276.0 22 14
476.0 294.0 22 3
544.0 213.0 22 39
612.0 249.0 22 15
612.0 291.0 23 24
476.0 174.0 23 17
612.0 285.0 23 18
408.0 285.0 23 18
680.0 87.0 23 11
408.0 195.0 23 7
680.0 237.0 23 31
544.0 126.0 23 27
476.0 285.0 23 16
408.0 222.0 24 18
544.0 222.0 24 18
408.0 174.0 24 12
680.0 171.0 24 2
544.0 69.0 24 32
408.0 213.0 24 6
408.0 93.0 24 31
680.0 273.0 24 13
476.0 69.0 24 32
476.0 81.0 25 17
544.0 174.0 25 27
408.0 159.0 25 6
476.0 231.0 25 13
408.0 231.0 25 13
612.0 72.0 25 10
544.0 291.0 25 1
476.0 159.0 25 6
544.0 213.0 26 11
680.0 255.0 26 25
408.0 288.0 26 39
612.0 231.0 26 10
544.0 111.0 26 21
612.0 231.0 26 10
612.0 75.0 26 17
408.0 198.0 26 19
680.0 234.0 26 13
544.0 228.0 26 23
476.0 75.0 26 17
476.0 213.0 26 11
612.0 258.0 27 5
544.0 255.0 27 12
408.0 165.0 27 13
544.0 72.0 27 24
476.0 207.0 27 28
544.0 207.0 28 27
544.0 207.0 28 27
476.0 108.0 28 1
612.0 69.0 28 5
408.0 162.0 28 16
408.0 297.0 28 35
408.0 234.0 28 12
544.0 60.0 28 23
408.0 192.0 28 39
612.0 195.0 28 32
476.0 177.0 28 26
544.0 264.0 28 25
544.0 180.0 28 13
544.0 240.0 28 31
612.0 108.0 28 18
612.0 201.0 29 38
612.0 159.0 29 4
680.0 105.0 29 14
476.0 105.0 29 14
476.0 135.0 29 16
612.0 243.0 29 7
612.0 135.0 29 36
408.0 156.0 29 24
544.0 207.0 29 30
680.0 216.0 30 17
476.0 216.0 30 17
680.0 249.0 30 37
408.0 105.0 30 22
544.0 150.0 30 36
680.0 186.0 30 38
544.0 222.0 30 14
680.0 111.0 30 13
476.0 261.0 31 27
680.0 174.0 31 16
544.0 219.0 31 35
680.0 123.0 31 12
408.0 246.0 31 11
544.0 84.0 31 1
612.0 138.0 31 38
612.0 174.0 31 28
544.0 231.0 31 26
476.0 84.0 31 1
612.0 231.0 31 26
680.0 153.0 31 18
544.0 120.0 31 10
612.0 264.0 32 3
544.0 264.0 32 3
476.0 123.0 32 24
544.0 192.0 32 16
544.0 96.0 32 27
476.0 240.0 32 18
408.0 63.0 32 22
476.0 195.0 32 28
476.0 93.0 32 17
680.0 186.0 32 33
680.0 132.0 32 30
612.0 204.0 32 25
408.0 276.0 33 5
476.0 60.0 33 12
408.0 153.0 33 9
408.0 237.0 33 18
544.0 186.0 33 32
544.0 225.0 33 39
680.0 225.0 33 39
476.0 81.0 34 21
408.0 84.0 34 3
612.0 243.0 34 25
408.0 78.0 34 29
408.0 159.0 34 30
544.0 123.0 34 9
612.0 249.0 34 5
612.0 123.0 34 9
680.0 96.0 34 11
408.0 183.0 34 31
408.0 99.0 35 29
408.0 87.0 35 10
476.0 96.0 35 12
612.0 99.0 35 29
612.0 162.0 35 15
612.0 294.0 36 27
544.0 204.0 36 33
612.0 123.0 36 21
612.0 240.0 36 39
612.0 135.0 36 35
680.0 168.0 36 8
476.0 135.0 37 2
476.0 135.0 37 13
408.0 63.0 37 36
476.0 222.0 37 11
680.0 60.0 37 29
476.0 75.0 37 23
544.0 111.0 37 24
544.0 291.0 38 36
408.0 174.0 38 31
408.0 108.0 38 40
476.0 297.0 38 32
476.0 249.0 38 10
408.0 243.0 38 24
680.0 75.0 38 37
612.0 75.0 38 37
544.0 246.0 38 25
612.0 105.0 38 5
680.0 153.0 38 22
680.0 174.0 38 33
612.0 72.0 39 38
612.0 276.0 39 34
612.0 219.0 39 13
408.0 144.0 39 33
612.0 156.0 39 5
544.0 162.0 39 6
544.0 222.0 39 2
680.0 156.0 39 35
680.0 132.0 39 31
408.0 288.0 39 25
476.0 258.0 39 24
476.0 192.0 39 10
544.0 258.0 39 24
680.0 222.0 39 2
476.0 96.0 39 11
476.0 246.0 40 33
544.0 162.0 40 4
680.0 108.0 40 14
544.0 162.0 40 17
408.0 222.0 40 23
408.0 162.0 40 17
612.0 165.0 40 36
408.0 291.0 40 29
476.0 222.0 40 23
476.0 171.0 40 39
408.0 195.0 40 22
476.0 270.0 40 24

0 340 355 139 416 179 286 255 248 391 305 426 296 342 238 330 305 272 269 333 349 310 0 362 270 385 275 361 235 300 335 363 261 134 220 193 248 371 205 259 
0 340 355 139 416 179 286 255 248 391 305 426 296 342 238 0 305 272 269 333 349 310 297 362 270 385 275 361 235 300 335 363 261 134 220 193 248 371 205 259 
0 340 355 139 416 0 286 255 248 391 305 426 296 342 238 330 305 272 269 333 349 310 297 362 270 385 275 361 235 300 335 363 261 134 220 193 248 371 205 259 
0 340 355 139 416 179 286 255 248 391 305 426 296 342 238 330 305 272 269 333 349 310 297 362 270 0 275 361 235 300 335 363 261 134 220 193 248 371 205 259 
0 340 355 139 416 0 286 255 248 391 305 426 296 342 238 330 305 272 269 333 349 310 297 362 270 385 275 361 235 300 335 363 261 134 220 193 248 371 205 259 
0 340 355 139 416 179 286 255 0 391 305 426 296 342 238 330 305 272 269 333 349 310 297 362 270 385 275 361 235 300 335 363 261 134 220 193 248 371 205 259 
0 340 355 139 416 179 286 255 248 391 305 426 296 342 238 330 305 272 269 333 349 310 297 362 270 385 275 361 235 300 335 363 0 134 220 193 248 371 205 259 
0 340 355 139 416 179 286 255 248 391 305 426 296 0 238 330 305 272 269 333 349 310 297 362 270 385 275 361 235 300 335 363 261 134 220 193 248 371 205 259 
0 340 355 139 416 179 286 255 248 391 305 426 296 342 238 330 305 272 269 333 349 310 297 362 270 385 275 361 235 300 335 363 261 134 220 193 248 371 0 259 
0 340 355 139 416 179 286 255 248 391 305 426 296 342 238 330 305 272 269 333 349 310 297 362 270 385 275 361 235 300 335 0 261 134 220 193 248 371 205 259 
0 340 355 139 416 179 286 255 248 391 305 426 296 342 238 330 305 272 269 333 0 310 297 362 270 385 275 361 235 300 335 363 261 134 220 193 248 371 205 259 
0 340 355 139 416 179 286 255 248 391 305 426 296 342 238 330 305 272 0 333 349 310 297 362 270 385 275 361 235 300 335 363 261 134 220 193 248 371 205 259 
0 340 355 139 416 179 286 255 248 391 305 426 296 342 238 330 305 272 269 333 349 310 297 362 270 385 275 361 235 300 335 363 0 134 220 193 248 371 205 259 
0 340 355 139 416 179 286 255 248 391 305 426 296 342 238 330 305 272 269 333 349 310 297 0 270 385 275 361 235 300 335 363 261 134 220 193 248 371 205 259 
0 340 355 139 416 179 286 255 248 391 305 426 296 342 238 330 305 272 269 0 349 310 297 362 270 385 275 361 235 300 335 363 261 134 220 193 248 371 205 259 
0 0 309 188 692 481 472 506 205 217 474 482 540 551 642 193 525 108 302 680 425 334 273 605 254 104 101 288 120 538 658 569 243 211 459 439 540 154 465 258 
698 0 309 188 692 481 472 506 205 217 474 482 540 551 642 193 525 108 302 680 425 334 273 605 254 104 101 288 120 538 658 569 243 211 459 439 0 154 465 258 
698 0 309 0 692 481 472 506 205 217 474 482 540 551 642 193 525 108 302 680 425 334 273 605 254 104 101 288 120 538 658 569 243 211 459 439 540 154 465 258 
698 0 309 188 692 481 472 506 205 217 474 482 540 551 642 193 525 108 302 680 425 334 273 605 254 104 101 288 120 538 658 569 243 0 459 439 540 154 465 258 
698 0 309 188 692 0 472 506 205 217 474 482 540 551 642 193 525 108 302 680 425 334 273 605 254 104 101 288 120 538 658 569 243 211 459 439 540 154 465 258 
698 0 309 188 692 481 472 506 205 217 474 482 540 551 642 193 525 108 302 680 425 334 273 605 254 104 101 288 120 538 658 569 243 211 459 0 540 154 465 258 
698 0 309 188 692 481 472 506 205 217 474 482 540 551 642 193 525 108 302 680 425 334 273 605 254 104 101 288 120 538 658 569 243 211 459 439 540 154 0 258 
698 0 309 188 692 481 472 506 205 217 474 482 540 551 642 193 525 108 302 680 425 334 273 605 254 104 101 288 0 538 658 569 243 211 459 439 540 154 465 258 
698 0 309 188 692 481 472 506 205 217 474 482 540 551 0 193 525 108 302 680 425 334 273 605 254 104 101 288 120 538 658 569 243 211 459 439 540 154 465 258 
698 0 309 188 692 481 472 506 205 217 474 482 540 551 0 193 525 108 302 680 425 334 273 605 254 104 101 288 120 538 658 569 243 211 459 439 540 154 465 258 
698 0 309 188 692 481 472 506 205 217 474 0 540 551 642 193 525 108 302 680 425 334 273 605 254 104 101 288 120 538 658 569 243 211 459 439 540 154 465 258 
698 0 309 188 692 481 472 506 205 217 474 482 540 551 642 193 525 0 302 680 425 334 273 605 254 104 101 288 120 538 658 569 243 211 459 439 540 154 465 258 
698 0 309 188 692 481 472 506 205 217 474 482 540 551 642 193 525 108 302 0 425 334 273 605 254 104 101 288 120 538 658 569 243 211 459 439 540 154 465 258 
698 0 309 188 692 481 472 506 205 217 474 482 540 551 642 193 525 108 0 680 425 334 273 605 254 104 101 288 120 538 658 569 243 211 459 439 540 154 465 258 
698 0 309 188 692 481 472 506 205 217 474 482 540 551 642 193 525 108 302 680 425 334 273 605 254 104 101 288 120 538 658 569 0 211 459 439 540 154 465 258 
339 549 0 262 346 143 376 160 521 374 247 305 0 207 399 255 446 262 694 508 644 291 651 260 317 104 512 558 594 581 468 546 476 570 389 237 547 432 330 100 
339 549 0 262 346 143 376 160 521 374 247 305 115 207 399 255 446 262 694 508 644 291 651 260 317 104 512 558 594 0 468 546 476 570 389 237 547 432 330 100 
339 549 0 262 346 143 376 160 521 374 247 305 115 0 399 255 446 262 694 508 644 291 651 260 317 104 512 558 594 581 468 546 476 570 389 237 547 432 330 100 
0 549 0 262 346 143 376 160 521 374 247 305 115 207 399 255 446 262 694 508 644 291 651 260 317 104 512 558 594 581 468 546 476 570 389 237 547 432 330 100 
339 549 0 262 346 143 376 160 521 374 247 305 115 207 399 255 446 262 694 508 644 0 651 260 317 104 512 558 594 581 468 546 476 570 389 237 547 432 330 100 
0 549 0 262 346 143 376 160 521 374 247 305 115 207 399 255 446 262 694 508 644 291 651 260 317 104 512 558 594 581 468 546 476 570 389 237 547 432 330 100 
339 549 0 262 346 143 376 160 521 374 247 305 115 207 399 255 446 262 694 508 644 291 651 260 317 104 512 558 594 581 468 546 476 570 389 237 0 432 330 100 
339 549 0 262 346 143 376 160 521 374 247 0 115 207 399 255 446 262 694 508 644 291 651 260 317 104 512 558 594 581 468 546 476 570 389 237 547 432 330 100 
339 549 0 262 346 0 376 160 521 374 247 305 115 207 399 255 446 262 694 508 644 291 651 260 317 104 512 558 594 581 468 546 476 570 389 237 547 432 330 100 
339 549 0 262 346 143 376 160 521 374 247 305 115 207 399 255 446 262 694 508 644 291 651 260 317 0 512 558 594 581 468 546 476 570 389 237 547 432 330 100 
339 549 0 262 346 143 376 160 521 374 247 305 115 207 399 255 446 262 694 508 644 291 651 260 317 0 512 558 594 581 468 546 476 570 389 237 547 432 330 100 
339 549 0 262 346 143 376 160 521 374 247 0 115 207 399 255 446 262 694 508 644 291 651 260 317 104 512 558 594 581 468 546 476 570 389 237 547 432 330 100 
339 549 0 262 346 143 376 160 521 374 247 305 115 207 399 255 446 262 694 508 644 291 651 260 317 104 512 558 594 581 0 546 476 570 389 237 547 432 330 100 
346 180 487 0 419 128 169 0 280 634 561 434 488 203 248 487 245 133 253 388 268 561 221 297 143 403 550 461 635 161 317 497 312 474 148 120 352 347 180 546 
346 180 487 0 419 128 0 218 280 634 561 434 488 203 248 487 245 133 253 388 268 561 221 297 143 403 550 461 635 161 317 497 312 474 148 120 352 347 180 546 
346 180 487 0 419 128 169 218 280 634 561 434 0 203 248 487 245 133 253 388 268 561 221 297 143 403 550 461 635 161 317 497 312 474 148 120 352 347 180 546 
346 180 487 0 419 128 169 218 280 0 561 434 488 203 248 487 245 133 253 388 268 561 221 297 143 403 550 461 635 161 317 497 312 474 148 120 352 347 180 546 
346 180 487 0 419 128 169 218 280 634 561 434 488 203 248 487 245 133 253 388 268 0 221 297 143 403 550 461 635 161 317 497 312 474 148 120 352 347 180 546 
346 180 487 0 419 128 169 218 280 634 561 434 488 203 248 487 245 133 253 388 268 561 221 297 143 403 550 461 635 161 317 497 312 474 148 120 352 347 180 0 
346 180 487 0 419 128 169 218 280 0 561 434 488 203 248 487 245 133 253 388 268 561 221 297 143 403 550 461 635 161 317 497 312 474 148 120 352 347 180 546 
638 589 170 616 0 381 202 345 129 666 0 309 555 407 426 519 518 228 299 122 258 556 369 224 400 649 636 641 566 453 553 114 476 351 314 590 428 158 676 588 
638 589 170 616 0 381 202 0 129 666 438 309 555 407 426 519 518 228 299 122 258 556 369 224 400 649 636 641 566 453 553 114 476 351 314 590 428 158 676 588 
638 589 170 616 0 381 202 345 129 666 438 309 555 407 426 519 518 228 299 122 258 556 369 224 400 649 636 641 566 453 553 114 476 351 314 0 428 158 676 588 
638 589 170 616 0 381 202 345 129 666 438 309 555 407 426 519 518 228 299 122 258 556 369 224 400 649 636 641 566 0 553 114 476 351 314 590 428 158 676 588 
638 589 170 616 0 381 202 345 129 666 438 309 555 407 426 0 518 228 299 122 258 556 369 224 400 649 636 641 566 453 553 114 476 351 314 590 428 158 676 588 
638 589 170 616 0 381 202 345 129 666 438 0 555 407 426 519 518 228 299 122 258 556 369 224 400 649 636 641 566 453 553 114 476 351 314 590 428 158 676 588 
638 589 170 616 0 381 202 345 129 666 438 309 555 407 426 519 518 228 299 122 258 556 369 224 400 0 636 641 566 453 553 114 476 351 314 590 428 158 676 588 
638 589 170 0 0 381 202 345 129 666 438 309 555 407 426 519 518 228 299 122 258 556 369 224 400 649 636 641 566 453 553 114 476 351 314 590 428 158 676 588 
638 589 170 616 0 381 202 345 129 666 438 309 555 407 426 519 0 228 299 122 258 556 369 224 400 649 636 641 566 453 553 114 476 351 314 590 428 158 676 588 
215 245 290 100 417 0 107 0 471 406 574 568 186 311 243 607 126 357 300 260 376 382 118 390 376 324 454 495 312 499 184 678 467 507 476 118 255 683 557 308 
215 245 290 100 417 0 107 143 471 406 574 568 186 311 0 607 126 357 300 260 376 382 118 390 376 324 454 495 312 499 184 678 467 507 476 118 255 683 557 308 
215 245 290 100 417 0 107 143 471 406 0 568 186 311 243 607 126 357 300 260 376 382 118 390 376 324 454 495 312 499 184 678 467 507 476 118 255 683 557 308 
215 245 290 100 417 0 107 143 471 406 574 568 186 311 243 607 126 357 300 260 376 382 0 390 376 324 454 495 312 499 184 678 467 507 476 118 255 683 557 308 
215 245 290 100 417 0 107 143 471 406 574 568 186 311 243 607 126 357 300 0 376 382 118 390 376 324 454 495 312 499 184 678 467 507 476 118 255 683 557 308 
215 245 290 100 417 0 107 143 471 406 574 568 186 311 243 607 126 357 300 260 376 382 118 390 376 324 454 495 312 0 184 678 467 507 476 118 255 683 557 308 
688 631 231 222 475 520 0 221 494 219 466 308 558 548 339 687 517 0 494 551 415 164 399 271 147 315 226 410 334 529 404 337 454 312 539 357 617 504 154 181 
688 631 231 222 475 520 0 221 494 219 466 0 558 548 339 687 517 210 494 551 415 164 399 271 147 315 226 410 334 529 404 337 454 312 539 357 617 504 154 181 
688 631 231 222 475 520 0 221 494 219 466 308 558 548 339 687 517 210 494 551 415 164 399 0 147 315 226 410 334 529 404 337 454 312 539 357 617 504 154 181 
688 631 231 222 475 520 0 221 494 219 466 308 558 548 339 687 517 210 494 551 415 164 399 271 147 315 226 410 334 529 404 337 454 312 539 357 617 0 154 181 
688 631 231 222 475 520 0 221 494 219 466 308 558 548 0 687 517 210 494 551 415 164 399 271 147 315 226 410 334 529 404 337 454 312 539 357 617 504 154 181 
688 631 231 222 475 520 0 221 494 219 466 0 558 548 339 687 517 210 494 551 415 164 399 271 147 315 226 410 334 529 404 337 454 312 539 357 617 504 154 181 
688 631 231 222 475 520 0 0 494 219 466 308 558 548 339 687 517 210 494 551 415 164 399 271 147 315 226 410 334 529 404 337 454 312 539 357 617 504 154 181 
688 631 231 222 475 520 0 221 494 219 466 308 0 548 339 687 517 210 494 551 415 164 399 271 147 315 226 410 334 529 404 337 454 312 539 357 617 504 154 181 
688 631 231 222 475 520 0 221 494 219 466 308 558 548 339 687 517 210 494 551 415 164 399 271 147 315 226 410 334 529 404 0 454 312 539 357 617 504 154 181 
688 631 231 222 475 520 0 221 494 219 466 308 558 548 339 687 517 0 494 551 415 164 399 271 147 315 226 410 334 529 404 337 454 312 539 357 617 504 154 181 
688 631 231 222 475 520 0 221 494 219 466 308 558 548 339 687 517 210 494 551 415 164 399 271 147 315 226 410 334 529 404 337 0 312 539 357 617 504 154 181 
563 171 300 197 277 193 129 0 123 251 244 422 543 646 279 511 510 472 432 432 267 255 0 657 555 240 593 423 411 501 397 359 104 321 322 326 651 199 172 484 
563 0 300 197 277 193 129 0 123 251 244 422 543 646 279 511 510 472 432 432 267 255 286 657 555 240 593 423 411 501 397 359 104 321 322 326 651 199 172 484 
563 171 300 197 277 193 129 0 123 251 244 422 543 646 279 511 510 472 432 432 267 255 286 657 555 240 593 423 411 501 397 359 104 321 322 326 651 199 172 0 
563 171 300 197 277 193 129 0 123 251 244 422 543 646 0 511 510 472 432 432 267 255 286 657 555 240 593 423 411 501 397 359 104 321 322 326 651 199 172 484 
563 0 300 197 277 193 129 0 123 251 244 422 543 646 279 511 510 472 432 432 267 255 286 657 555 240 593 423 411 501 397 359 104 321 322 326 651 199 172 484 
563 171 300 197 277 193 129 0 123 251 244 422 543 646 279 511 510 472 432 432 267 255 286 657 0 240 593 423 411 501 397 359 104 321 322 326 651 199 172 484 
563 171 300 197 277 193 129 0 123 251 244 0 543 646 279 511 510 472 432 432 267 255 286 657 555 240 593 423 411 501 397 359 104 321 322 326 651 199 172 484 
563 171 300 197 277 193 129 0 123 251 244 422 0 646 279 511 510 472 432 432 267 255 286 657 555 240 593 423 411 501 397 359 104 321 322 326 651 199 172 484 
563 171 300 197 277 193 129 0 123 251 244 422 543 646 279 511 510 472 432 432 267 255 286 657 555 240 593 0 411 501 397 359 104 321 322 326 651 199 172 484 
563 171 300 197 277 193 129 0 123 251 244 422 543 646 279 511 0 472 432 432 267 255 286 657 555 240 593 423 411 501 397 359 104 321 322 326 651 199 172 484 
563 171 300 197 277 193 129 0 123 251 244 422 543 646 279 511 510 472 432 432 267 255 286 657 555 240 593 423 411 501 397 359 104 321 322 326 651 199 0 484 
563 171 300 197 277 193 129 0 123 251 244 422 543 646 279 511 510 472 432 432 267 255 286 657 555 240 593 423 411 501 397 359 104 321 322 326 651 0 172 484 
559 555 241 343 376 664 676 532 0 442 417 486 568 371 419 107 556 414 303 576 623 197 654 439 589 162 324 668 182 386 0 576 377 343 665 199 327 608 673 296 
559 555 241 343 376 664 676 532 0 442 417 486 568 371 419 107 0 414 303 576 623 197 654 439 589 162 324 668 182 386 535 576 377 343 665 199 327 608 673 296 
559 555 241 343 376 664 676 532 0 442 417 486 568 371 419 107 556 414 303 576 623 197 654 439 589 162 324 668 182 386 535 576 377 343 665 199 327 0 673 296 
559 555 241 343 376 664 676 532 0 442 417 486 568 371 419 107 556 414 303 0 623 197 654 439 589 162 324 668 182 386 535 576 377 343 665 199 327 608 673 296 
559 555 241 343 376 0 676 532 0 442 417 486 568 371 419 107 556 414 303 576 623 197 654 439 589 162 324 668 182 386 535 576 377 343 665 199 327 608 673 296 
559 555 241 343 376 664 676 532 0 442 417 486 568 371 419 107 556 414 303 576 623 197 654 439 589 162 324 668 182 386 535 576 377 343 665 0 327 608 673 296 
559 555 241 343 376 664 676 532 0 442 417 486 568 371 419 107 556 414 303 576 623 197 654 439 589 162 324 668 182 386 535 576 377 343 665 199 0 608 673 296 
559 555 241 343 376 664 676 532 0 442 417 486 568 371 419 107 556 414 303 576 623 197 654 439 0 162 324 668 182 386 535 576 377 343 665 199 327 608 673 296 
559 555 241 343 376 664 676 532 0 442 417 486 568 371 419 107 556 414 303 576 623 197 654 439 589 162 324 668 182 386 535 576 377 343 665 199 0 608 673 296 
559 555 241 343 376 664 676 532 0 442 417 486 568 371 419 0 556 414 303 576 623 197 654 439 589 162 324 668 182 386 535 576 377 343 665 199 327 608 673 296 
559 555 241 343 376 664 676 532 0 442 417 486 568 371 419 107 556 414 303 576 623 197 654 439 589 162 324 668 182 386 535 576 377 343 665 0 327 608 673 296 
559 555 241 343 376 664 676 532 0 442 417 486 568 371 0 107 556 414 303 576 623 197 654 439 589 162 324 668 182 386 535 576 377 343 665 199 327 608 673 296 
559 555 241 0 376 664 676 532 0 442 417 486 568 371 419 107 556 414 303 576 623 197 654 439 589 162 324 668 182 386 535 576 377 343 665 199 327 608 673 296 
559 555 241 343 376 664 676 532 0 442 417 486 568 371 419 107 556 414 303 576 623 197 654 439 589 162 324 668 182 386 0 576 377 343 665 199 327 608 673 296 
559 555 241 343 376 664 676 532 0 442 417 486 568 371 419 107 0 414 303 576 623 197 654 439 589 162 324 668 182 386 535 576 377 343 665 199 327 608 673 296 
388 231 625 312 0 566 520 148 451 0 535 206 545 231 327 648 289 352 575 186 533 646 151 449 225 483 294 459 369 600 450 261 494 410 544 596 652 249 217 376 
388 231 625 312 103 566 520 148 451 0 535 206 545 231 327 648 0 352 575 186 533 646 151 449 225 483 294 459 369 600 450 261 494 410 544 596 652 249 217 376 
388 231 625 312 103 566 520 148 451 0 535 206 545 231 327 648 289 352 575 186 533 646 151 449 225 483 294 459 369 600 450 261 494 410 544 596 0 249 217 376 
388 231 625 312 103 566 520 148 451 0 535 206 545 231 327 648 289 352 575 186 533 646 151 449 225 483 294 459 369 0 450 261 494 410 544 596 652 249 217 376 
388 231 625 312 103 566 520 148 451 0 535 206 545 231 327 648 289 352 575 186 533 646 151 449 225 483 0 459 369 600 450 261 494 410 544 596 652 249 217 376 
388 231 625 312 103 566 520 148 451 0 535 206 545 231 327 648 289 352 0 186 533 646 151 449 225 483 294 459 369 600 450 261 494 410 544 596 652 249 217 376 
0 231 625 312 103 566 520 148 451 0 535 206 545 231 327 648 289 352 575 186 533 646 151 449 225 483 294 459 369 600 450 261 494 410 544 596 652 249 217 376 
0 231 625 312 103 566 520 148 451 0 535 206 545 231 327 648 289 352 575 186 533 646 151 449 225 483 294 459 369 600 450 261 494 410 544 596 652 249 217 376 
435 0 410 250 216 162 438 463 632 418 0 666 564 433 643 380 329 492 631 569 426 554 134 578 520 658 290 698 183 301 658 215 368 566 379 322 135 353 533 356 
435 658 410 250 216 162 438 463 632 418 0 666 564 433 643 380 329 492 631 569 426 554 134 578 520 658 290 698 183 0 658 215 368 566 379 322 135 353 533 356 
435 658 410 250 216 162 438 463 632 418 0 666 564 433 643 380 329 492 631 569 426 554 134 578 520 658 290 698 183 301 658 215 368 566 379 0 135 353 533 356 
435 0 410 250 216 162 438 463 632 418 0 666 564 433 643 380 329 492 631 569 426 554 134 578 520 658 290 698 183 301 658 215 368 566 379 322 135 353 533 356 
435 658 410 250 216 162 438 463 632 418 0 666 564 433 643 380 329 492 631 569 426 554 134 578 520 658 290 698 183 301 658 215 0 566 379 322 135 353 533 356 
435 658 410 250 216 162 438 463 632 418 0 0 564 433 643 380 329 492 631 569 426 554 134 578 520 658 290 698 183 301 658 215 368 566 379 322 135 353 533 356 
435 658 410 250 216 162 438 463 632 418 0 666 564 433 643 380 329 492 631 569 426 0 134 578 520 658 290 698 183 301 658 215 368 566 379 322 135 353 533 356 
435 658 410 250 216 162 438 463 632 418 0 666 564 433 643 380 329 492 0 569 426 554 134 578 520 658 290 698 183 301 658 215 368 566 379 322 135 353 533 356 
435 658 410 250 216 162 438 463 632 418 0 666 564 433 643 380 329 492 631 569 426 554 134 578 520 658 290 698 183 301 658 215 368 0 379 322 135 353 533 356 
435 658 410 250 0 162 438 463 632 418 0 666 564 433 643 380 329 492 631 569 426 554 134 578 520 658 290 698 183 301 658 215 368 566 379 322 135 353 533 356 
435 658 410 250 216 162 438 0 632 418 0 666 564 433 643 380 329 492 631 569 426 554 134 578 520 658 290 698 183 301 658 215 368 566 379 322 135 353 533 356 
435 658 410 250 216 162 438 463 632 418 0 666 564 433 643 380 329 492 631 569 426 554 134 578 520 658 0 698 183 301 658 215 368 566 379 322 135 353 533 356 
407 287 545 271 641 675 657 583 243 0 447 0 163 173 672 311 220 247 521 481 120 366 606 150 195 653 425 652 212 280 472 564 247 204 555 377 492 482 641 219 
407 287 545 271 641 675 657 583 243 453 447 0 163 173 672 311 220 247 521 481 120 366 606 150 195 653 425 652 212 280 472 564 247 0 555 377 492 482 641 219 
407 287 545 271 641 675 657 583 243 453 447 0 163 173 672 311 220 247 521 481 120 366 0 150 195 653 425 652 212 280 472 564 247 204 555 377 492 482 641 219 
407 287 545 271 641 675 657 583 243 453 447 0 163 173 672 311 0 247 521 481 120 366 606 150 195 653 425 652 212 280 472 564 247 204 555 377 492 482 641 219 
407 287 545 0 641 675 657 583 243 453 447 0 163 173 672 311 220 247 521 481 120 366 606 150 195 653 425 652 212 280 472 564 247 204 555 377 492 482 641 219 
407 287 545 271 641 675 657 583 243 453 447 0 163 173 672 311 220 247 521 481 120 0 606 150 195 653 425 652 212 280 472 564 247 204 555 377 492 482 641 219 
115 0 110 161 497 205 541 573 100 236 486 394 0 272 356 317 176 243 210 367 232 155 290 321 627 250 274 471 540 299 590 677 262 500 197 413 296 135 497 630 
115 131 110 0 497 205 541 573 100 236 486 394 0 272 356 317 176 243 210 367 232 155 290 321 627 250 274 471 540 299 590 677 262 500 197 413 296 135 497 630 
115 131 110 161 497 205 541 573 100 236 486 394 0 272 356 317 176 243 210 367 232 155 290 321 627 250 274 471 540 299 590 677 262 0 197 413 296 135 497 630 
115 131 110 161 497 205 541 573 100 236 486 394 0 272 356 0 176 243 210 367 232 155 290 321 627 250 274 471 540 299 590 677 262 500 197 413 296 135 497 630 
115 131 110 161 497 205 541 573 100 236 486 0 0 272 356 317 176 243 210 367 232 155 290 321 627 250 274 471 540 299 590 677 262 500 197 413 296 135 497 630 
115 131 110 161 497 205 541 573 100 236 486 394 0 272 356 0 176 243 210 367 232 155 290 321 627 250 274 471 540 299 590 677 262 500 197 413 296 135 497 630 
115 131 110 161 497 205 541 573 100 236 486 394 0 272 356 317 176 243 210 367 232 155 290 0 627 250 274 471 540 299 590 677 262 500 197 413 296 135 497 630 
115 131 110 161 497 205 541 573 100 236 486 394 0 0 356 317 176 243 210 367 232 155 290 321 627 250 274 471 540 299 590 677 262 500 197 413 296 135 497 630 
115 131 110 161 497 205 0 573 100 236 486 394 0 272 356 317 176 243 210 367 232 155 290 321 627 250 274 471 540 299 590 677 262 500 197 413 296 135 497 630 
115 131 110 161 497 205 541 573 100 236 486 0 0 272 356 317 176 243 210 367 232 155 290 321 627 250 274 471 540 299 590 677 262 500 197 413 296 135 497 630 
115 131 110 161 497 205 541 573 100 236 486 394 0 272 356 317 176 243 210 367 232 155 290 321 0 250 274 471 540 299 590 677 262 500 197 413 296 135 497 630 
115 131 110 161 497 205 541 573 100 236 486 394 0 272 356 317 176 243 210 367 232 155 290 321 627 250 274 471 540 299 0 677 262 500 197 413 296 135 497 630 
115 131 110 161 497 205 541 573 100 236 486 394 0 272 356 317 176 243 210 367 232 155 290 321 627 250 274 471 540 299 590 677 262 500 197 413 296 135 0 630 
115 131 110 161 497 205 541 573 100 236 486 394 0 272 356 317 176 0 210 367 232 155 290 321 627 250 274 471 540 299 590 677 262 500 197 413 296 135 497 630 
115 131 110 161 497 205 541 573 100 236 0 394 0 272 356 317 176 243 210 367 232 155 290 321 627 250 274 471 540 299 590 677 262 500 197 413 296 135 497 630 
278 327 340 174 457 324 101 628 566 370 466 276 371 0 412 240 200 325 129 133 351 680 288 295 140 598 638 181 686 609 121 347 375 499 0 251 668 682 352 302 
278 327 340 174 457 324 101 628 0 370 466 276 371 0 412 240 200 325 129 133 351 680 288 295 140 598 638 181 686 609 121 347 375 499 679 251 668 682 352 302 
278 327 340 174 457 324 101 628 566 370 466 276 371 0 412 240 200 325 129 133 351 0 288 295 140 598 638 181 686 609 121 347 375 499 679 251 668 682 352 302 
278 327 340 174 457 324 101 628 566 370 466 276 371 0 412 240 200 325 129 133 351 680 288 295 140 598 638 181 686 609 121 347 375 499 679 251 668 0 352 302 
278 327 340 174 457 324 101 628 566 370 466 276 371 0 412 240 200 325 129 133 351 680 288 0 140 598 638 181 686 609 121 347 375 499 679 251 668 682 352 302 
278 327 340 174 457 324 101 628 566 370 466 276 371 0 412 240 0 325 129 133 351 680 288 295 140 598 638 181 686 609 121 347 375 499 679 251 668 682 352 302 
336 546 117 435 629 466 627 350 608 168 136 354 240 640 0 281 409 123 151 157 423 652 175 658 271 188 595 682 389 324 562 153 459 341 0 542 399 381 400 380 
336 546 117 435 629 466 627 350 608 168 136 354 240 640 0 281 409 123 151 157 423 652 175 658 271 188 595 682 389 324 562 153 0 341 344 542 399 381 400 380 
336 546 117 435 0 466 627 350 608 168 136 354 240 640 0 281 409 123 151 157 423 652 175 658 271 188 595 682 389 324 562 153 459 341 344 542 399 381 400 380 
336 546 117 435 0 466 627 350 608 168 136 354 240 640 0 281 409 123 151 157 423 652 175 658 271 188 595 682 389 324 562 153 459 341 344 542 399 381 400 380 
336 546 117 435 629 466 627 350 608 168 136 354 240 640 0 281 409 123 151 157 423 652 175 658 271 0 595 682 389 324 562 153 459 341 344 542 399 381 400 380 
336 546 117 435 629 466 627 350 608 168 136 354 240 640 0 281 409 123 151 0 423 652 175 658 271 188 595 682 389 324 562 153 459 341 344 542 399 381 400 380 
336 546 117 435 629 466 627 0 608 168 136 354 240 640 0 281 409 123 151 157 423 652 175 658 271 188 595 682 389 324 562 153 459 341 344 542 399 381 400 380 
233 423 326 683 667 645 176 632 409 628 141 390 567 579 278 0 567 210 353 593 339 439 595 508 643 223 695 438 235 156 321 569 314 477 215 628 663 349 0 517 
233 423 326 683 667 0 176 632 409 628 141 390 567 579 278 0 567 210 353 593 339 439 595 508 643 223 695 438 235 156 321 569 314 477 215 628 663 349 146 517 
233 423 326 683 667 645 176 0 409 628 141 390 567 579 278 0 567 210 353 593 339 439 595 508 643 223 695 438 235 156 321 569 314 477 215 628 663 349 146 517 
233 423 326 683 667 645 176 632 409 628 141 390 567 579 278 0 567 210 353 0 339 439 595 508 643 223 695 438 235 156 321 569 314 477 215 628 663 349 146 517 
233 423 326 683 667 645 176 632 409 628 141 390 567 579 278 0 567 210 353 593 339 439 595 508 643 223 695 438 235 156 321 569 314 477 0 628 663 349 146 517 
0 423 326 683 667 645 176 632 409 628 141 390 567 579 278 0 567 210 353 593 339 439 595 508 643 223 695 438 235 156 321 569 314 477 215 628 663 349 146 517 
233 423 326 683 667 645 176 632 409 628 141 390 567 579 278 0 567 210 353 593 339 439 595 508 643 223 695 438 235 156 321 569 0 477 215 628 663 349 146 517 
0 423 326 683 667 645 176 632 409 628 141 390 567 579 278 0 567 210 353 593 339 439 595 508 643 223 695 438 235 156 321 569 314 477 215 628 663 349 146 517 
233 423 326 683 667 645 176 632 409 628 141 390 567 579 278 0 567 210 353 593 339 439 595 508 643 223 695 438 235 156 321 569 314 477 215 628 663 0 146 517 
233 423 326 683 667 645 176 632 409 628 141 390 567 0 278 0 567 210 353 593 339 439 595 508 643 223 695 438 235 156 321 569 314 477 215 628 663 349 146 517 
233 423 326 0 667 645 176 632 409 628 141 390 567 579 278 0 567 210 353 593 339 439 595 508 643 223 695 438 235 156 321 569 314 477 215 628 663 349 146 517 
233 423 326 683 667 645 176 632 409 628 141 390 567 579 278 0 567 210 353 593 339 439 595 508 643 0 695 438 235 156 321 569 314 477 215 628 663 349 146 517 
233 423 326 683 667 645 176 632 0 628 141 390 567 579 278 0 567 210 353 593 339 439 595 508 643 223 695 438 235 156 321 569 314 477 215 628 663 349 146 517 
233 423 326 683 667 645 176 632 409 628 141 390 567 579 278 0 567 210 353 0 339 439 595 508 643 223 695 438 235 156 321 569 314 477 215 628 663 349 146 517 
122 506 260 435 563 202 552 0 579 295 466 616 550 219 652 644 0 162 215 154 358 390 549 532 137 130 245 189 245 143 332 460 562 370 345 439 327 410 242 182 
122 506 260 435 563 202 552 546 579 295 466 0 550 219 652 644 0 162 215 154 358 390 549 532 137 130 245 189 245 143 332 460 562 370 345 439 327 410 242 182 
122 506 260 435 563 202 552 546 579 295 466 616 550 219 652 644 0 162 215 154 358 390 549 532 137 0 245 189 245 143 332 460 562 370 345 439 327 410 242 182 
122 506 260 435 563 202 552 546 579 295 466 616 550 219 652 644 0 162 215 0 358 390 549 532 137 130 245 189 245 143 332 460 562 370 345 439 327 410 242 182 
122 506 260 435 563 202 552 546 579 295 466 616 550 219 652 644 0 162 215 154 358 390 549 532 137 130 245 189 245 143 332 460 562 370 345 0 327 410 242 182 
122 506 260 435 563 202 552 546 579 295 466 0 550 219 652 644 0 162 215 154 358 390 549 532 137 130 245 189 245 143 332 460 562 370 345 439 327 410 242 182 
122 506 260 435 563 202 552 546 579 295 466 616 550 219 652 644 0 162 215 154 0 390 549 532 137 130 245 189 245 143 332 460 562 370 345 439 327 410 242 182 
367 635 651 0 221 487 174 436 359 393 158 586 653 397 117 386 133 0 543 278 366 311 406 357 103 227 333 106 664 235 430 604 138 634 259 586 344 268 155 469 
367 635 651 483 221 487 174 436 359 393 158 586 653 397 117 386 133 0 543 278 366 311 406 357 103 227 333 106 664 235 430 0 138 634 259 586 344 268 155 469 
367 635 651 483 221 487 174 436 359 393 158 586 0 397 117 386 133 0 543 278 366 311 406 357 103 227 333 106 664 235 430 604 138 634 259 586 344 268 155 469 
367 635 651 483 221 487 174 436 359 393 158 586 653 397 117 386 133 0 0 278 366 311 406 357 103 227 333 106 664 235 430 604 138 634 259 586 344 268 155 469 
367 635 651 483 221 487 174 436 359 393 158 586 653 397 117 386 133 0 543 278 366 311 406 357 103 227 333 106 664 235 430 604 138 634 259 586 344 268 0 469 
367 635 651 483 0 487 174 436 359 393 158 586 653 397 117 386 133 0 543 278 366 311 406 357 103 227 333 106 664 235 430 604 138 634 259 586 344 268 155 469 
367 635 651 483 221 487 174 436 359 393 158 586 653 397 117 386 133 0 543 278 366 311 406 357 103 227 333 106 664 235 430 604 138 634 259 586 344 268 155 0 
367 635 651 483 221 487 174 436 359 393 158 586 653 397 117 386 133 0 543 278 366 311 406 357 103 227 333 106 664 235 430 604 138 0 259 586 344 268 155 469 
302 503 381 289 579 559 0 482 592 576 518 251 636 332 362 106 597 516 0 342 320 357 651 587 460 159 646 215 583 564 216 156 322 487 498 641 603 585 520 541 
0 503 381 289 579 559 211 482 592 576 518 251 636 332 362 106 597 516 0 342 320 357 651 587 460 159 646 215 583 564 216 156 322 487 498 641 603 585 520 541 
302 503 381 289 579 559 211 482 592 576 518 251 636 332 362 0 597 516 0 342 320 357 651 587 460 159 646 215 583 564 216 156 322 487 498 641 603 585 520 541 
302 503 381 289 579 559 211 482 592 576 518 251 636 332 362 106 597 516 0 342 320 357 651 587 460 159 646 215 0 564 216 156 322 487 498 641 603 585 520 541 
302 503 381 289 579 559 211 482 592 576 518 251 636 332 362 106 597 516 0 342 320 357 651 587 460 159 646 0 583 564 216 156 322 487 498 641 603 585 520 541 
302 503 381 289 579 559 211 482 592 576 518 251 0 332 362 106 597 516 0 342 320 357 651 587 460 159 646 215 583 564 216 156 322 487 498 641 603 585 520 541 
302 503 381 289 579 559 211 482 592 576 518 251 636 332 362 106 597 516 0 342 320 357 651 587 460 159 646 215 0 564 216 156 322 487 498 641 603 585 520 541 
302 503 381 289 579 0 211 482 592 576 518 251 636 332 362 106 597 516 0 342 320 357 651 587 460 159 646 215 583 564 216 156 322 487 498 641 603 585 520 541 
302 503 381 289 579 559 211 482 592 576 518 251 636 332 362 0 597 516 0 342 320 357 651 587 460 159 646 215 583 564 216 156 322 487 498 641 603 585 520 541 
302 503 381 289 579 559 211 482 592 576 518 251 636 332 362 106 597 516 0 342 320 357 651 587 460 159 646 215 583 564 216 0 322 487 498 641 603 585 520 541 
302 503 381 289 579 559 211 482 592 576 518 251 636 332 362 106 597 516 0 342 320 357 651 587 460 159 646 215 583 564 216 0 322 487 498 641 603 585 520 541 
302 503 381 289 579 559 211 482 592 576 518 251 636 332 362 106 597 516 0 342 320 357 651 587 460 159 646 215 583 564 216 156 322 487 0 641 603 585 520 541 
302 503 381 289 579 0 211 482 592 576 518 251 636 332 362 106 597 516 0 342 320 357 651 587 460 159 646 215 583 564 216 156 322 487 498 641 603 585 520 541 
303 0 438 411 337 108 681 351 617 437 106 475 144 641 341 198 247 297 352 0 578 127 245 439 296 610 274 588 538 105 143 627 533 664 482 492 137 516 130 290 
303 257 438 411 337 108 681 351 617 437 106 475 144 641 341 198 247 297 352 0 578 127 245 439 296 610 274 588 538 105 143 627 533 664 482 492 137 516 0 290 
303 257 438 411 337 108 681 351 617 437 106 475 144 641 341 198 247 297 352 0 578 127 245 439 296 610 274 588 538 105 143 627 533 664 482 492 137 0 130 290 
303 257 438 411 337 108 681 351 617 437 106 475 144 641 341 0 247 297 352 0 578 127 245 439 296 610 274 588 538 105 143 627 533 664 482 492 137 516 130 290 
303 257 438 411 337 108 681 351 617 437 106 475 144 641 341 198 247 297 352 0 0 127 245 439 296 610 274 588 538 105 143 627 533 664 482 492 137 516 130 290 
303 257 438 411 337 108 681 351 617 437 106 475 144 641 341 198 247 297 352 0 0 127 245 439 296 610 274 588 538 105 143 627 533 664 482 492 137 516 130 290 
303 257 438 411 337 108 681 351 617 437 106 475 144 641 341 198 0 297 352 0 578 127 245 439 296 610 274 588 538 105 143 627 533 664 482 492 137 516 130 290 
303 257 438 411 337 108 681 351 617 437 106 475 144 641 341 198 247 297 352 0 578 127 245 439 0 610 274 588 538 105 143 627 533 664 482 492 137 516 130 290 
303 257 438 411 337 108 681 351 0 437 106 475 144 641 341 198 247 297 352 0 578 127 245 439 296 610 274 588 538 105 143 627 533 664 482 492 137 516 130 290 
623 484 280 344 286 653 271 531 305 439 589 147 672 229 597 619 394 122 331 655 0 380 599 475 557 513 377 358 445 461 655 186 458 167 433 0 514 363 179 549 
623 484 280 344 286 653 0 531 305 439 589 147 672 229 597 619 394 122 331 655 0 380 599 475 557 513 377 358 445 461 655 186 458 167 433 564 514 363 179 549 
623 484 280 344 286 653 271 531 305 439 589 147 672 229 597 619 394 122 331 655 0 380 599 475 557 513 377 358 445 461 655 186 0 167 433 564 514 363 179 549 
623 484 280 344 286 653 271 531 305 439 589 0 672 229 597 619 394 122 331 655 0 380 599 475 557 513 377 358 445 461 655 186 458 167 433 564 514 363 179 549 
623 0 280 344 286 653 271 531 305 439 589 147 672 229 597 619 394 122 331 655 0 380 599 475 557 513 377 358 445 461 655 186 458 167 433 564 514 363 179 549 
623 484 280 344 286 653 271 531 305 439 589 147 672 229 597 619 394 122 331 655 0 380 599 475 557 513 377 358 445 461 655 0 458 167 433 564 514 363 179 549 
623 484 280 344 286 653 271 531 305 439 589 147 672 229 597 619 394 122 331 655 0 380 599 475 557 513 377 358 445 461 655 186 458 167 433 564 514 363 179 0 
623 484 280 344 286 653 271 0 305 439 589 147 672 229 597 619 394 122 331 655 0 380 599 475 557 513 377 358 445 461 655 186 458 167 433 564 514 363 179 549 
623 484 280 344 286 653 271 531 305 439 0 147 672 229 597 619 394 122 331 655 0 380 599 475 557 513 377 358 445 461 655 186 458 167 433 564 514 363 179 549 
623 484 0 344 286 653 271 531 305 439 589 147 672 229 597 619 394 122 331 655 0 380 599 475 557 513 377 358 445 461 655 186 458 167 433 564 514 363 179 549 
623 484 280 344 286 653 271 0 305 439 589 147 672 229 597 619 394 122 331 655 0 380 599 475 557 513 377 358 445 461 655 186 458 167 433 564 514 363 179 549 
623 484 280 344 286 653 271 531 305 439 589 147 672 229 597 619 394 122 331 655 0 380 599 475 557 513 377 358 445 0 655 186 458 167 433 564 514 363 179 549 
623 484 280 344 286 653 271 531 305 439 589 0 672 229 597 619 394 122 331 655 0 380 599 475 557 513 377 358 445 461 655 186 458 167 433 564 514 363 179 549 
434 258 345 206 155 199 341 553 417 222 108 198 137 314 383 599 658 131 438 529 101 0 587 182 103 375 300 698 252 173 328 279 0 686 307 514 585 276 321 261 
434 258 345 206 0 199 341 553 417 222 108 198 137 314 383 599 658 131 438 529 101 0 587 182 103 375 300 698 252 173 328 279 461 686 307 514 585 276 321 261 
434 258 345 206 155 199 341 553 417 222 108 198 137 314 383 599 658 131 438 529 101 0 587 182 103 375 300 698 252 173 328 279 461 686 307 514 585 276 321 0 
434 258 345 206 155 199 341 553 417 222 108 198 137 314 383 599 658 131 438 529 101 0 587 182 103 375 300 698 252 173 328 279 461 686 307 514 0 276 321 261 
0 258 345 206 155 199 341 553 417 222 108 198 137 314 383 599 658 131 438 529 101 0 587 182 103 375 300 698 252 173 328 279 461 686 307 514 585 276 321 261 
434 258 345 206 155 199 341 553 417 222 108 198 0 314 383 599 658 131 438 529 101 0 587 182 103 375 300 698 252 173 328 279 461 686 307 514 585 276 321 261 
434 258 345 206 155 199 341 553 417 222 108 198 137 314 383 599 658 131 438 529 101 0 587 182 103 375 300 698 252 173 328 279 461 686 307 514 585 276 0 261 
434 258 345 206 155 199 341 0 417 222 108 198 137 314 383 599 658 131 438 529 101 0 587 182 103 375 300 698 252 173 328 279 461 686 307 514 585 276 321 261 
434 258 345 206 155 199 341 553 417 222 108 198 137 314 383 599 658 131 0 529 101 0 587 182 103 375 300 698 252 173 328 279 461 686 307 514 585 276 321 261 
434 258 345 206 155 199 341 553 417 222 108 198 137 0 383 599 658 131 438 529 101 0 587 182 103 375 300 698 252 173 328 279 461 686 307 514 585 276 321 261 
434 258 0 206 155 199 341 553 417 222 108 198 137 314 383 599 658 131 438 529 101 0 587 182 103 375 300 698 252 173 328 279 461 686 307 514 585 276 321 261 
434 258 345 206 155 199 341 553 417 222 108 198 137 314 383 599 658 131 438 529 101 0 587 182 103 375 300 698 252 173 328 279 461 686 307 514 585 276 0 261 
434 258 345 206 155 199 341 553 417 222 108 198 137 314 0 599 658 131 438 529 101 0 587 182 103 375 300 698 252 173 328 279 461 686 307 514 585 276 321 261 
230 668 520 134 353 534 138 256 193 110 697 322 240 312 238 262 655 115 369 357 429 644 0 0 101 380 411 210 188 233 354 467 182 566 602 420 419 453 496 685 
230 668 520 134 353 534 138 256 193 110 697 322 240 312 238 262 0 115 369 357 429 644 0 279 101 380 411 210 188 233 354 467 182 566 602 420 419 453 496 685 
230 668 520 134 353 534 138 256 193 110 697 322 240 312 238 262 655 0 369 357 429 644 0 279 101 380 411 210 188 233 354 467 182 566 602 420 419 453 496 685 
230 668 520 134 353 534 138 256 193 110 697 322 240 312 238 262 655 0 369 357 429 644 0 279 101 380 411 210 188 233 354 467 182 566 602 420 419 453 496 685 
230 668 520 134 353 534 138 256 193 110 0 322 240 312 238 262 655 115 369 357 429 644 0 279 101 380 411 210 188 233 354 467 182 566 602 420 419 453 496 685 
230 668 520 134 353 534 0 256 193 110 697 322 240 312 238 262 655 115 369 357 429 644 0 279 101 380 411 210 188 233 354 467 182 566 602 420 419 453 496 685 
230 668 520 134 353 534 138 256 193 110 697 322 240 312 238 262 655 115 369 357 429 644 0 279 101 380 411 210 188 233 0 467 182 566 602 420 419 453 496 685 
230 668 520 134 353 534 138 256 193 110 697 322 240 312 238 262 655 115 369 357 429 644 0 279 101 380 0 210 188 233 354 467 182 566 602 420 419 453 496 685 
230 668 520 134 353 534 138 256 193 110 697 322 240 312 238 0 655 115 369 357 429 644 0 279 101 380 411 210 188 233 354 467 182 566 602 420 419 453 496 685 
588 499 229 478 435 222 571 340 538 125 563 497 268 306 283 636 472 0 628 666 517 570 330 0 672 287 190 429 503 422 680 485 154 575 186 682 206 436 376 217 
588 499 229 478 435 222 571 340 538 125 563 497 268 306 283 636 472 0 628 666 517 570 330 0 672 287 190 429 503 422 680 485 154 575 186 682 206 436 376 217 
588 499 229 478 435 222 571 340 538 125 563 0 268 306 283 636 472 230 628 666 517 570 330 0 672 287 190 429 503 422 680 485 154 575 186 682 206 436 376 217 
588 0 229 478 435 222 571 340 538 125 563 497 268 306 283 636 472 230 628 666 517 570 330 0 672 287 190 429 503 422 680 485 154 575 186 682 206 436 376 217 
588 499 229 478 435 222 571 340 538 125 563 497 268 306 283 636 472 230 628 666 517 570 330 0 672 287 190 429 503 422 680 0 154 575 186 682 206 436 376 217 
588 499 229 478 435 0 571 340 538 125 563 497 268 306 283 636 472 230 628 666 517 570 330 0 672 287 190 429 503 422 680 485 154 575 186 682 206 436 376 217 
588 499 229 478 435 222 571 340 538 125 563 497 268 306 283 636 472 230 628 666 517 570 330 0 672 287 190 429 503 422 0 485 154 575 186 682 206 436 376 217 
588 499 229 478 435 222 571 340 538 125 563 497 0 306 283 636 472 230 628 666 517 570 330 0 672 287 190 429 503 422 680 485 154 575 186 682 206 436 376 217 
588 499 229 478 435 222 571 340 538 125 563 497 268 306 283 636 472 230 628 666 517 570 330 0 672 287 190 429 503 422 680 0 154 575 186 682 206 436 376 217 
382 575 628 450 419 581 304 550 196 629 168 527 304 567 241 343 0 625 290 370 419 573 661 104 0 155 630 474 210 621 425 641 302 539 249 201 558 232 586 258 
382 575 628 450 419 581 304 550 196 629 168 527 304 567 241 343 445 625 290 370 419 573 661 104 0 155 0 474 210 621 425 641 302 539 249 201 558 232 586 258 
382 575 628 450 419 0 304 550 196 629 168 527 304 567 241 343 445 625 290 370 419 573 661 104 0 155 630 474 210 621 425 641 302 539 249 201 558 232 586 258 
382 575 628 450 419 581 304 550 196 629 168 527 0 567 241 343 445 625 290 370 419 573 661 104 0 155 630 474 210 621 425 641 302 539 249 201 558 232 586 258 
382 575 628 450 419 581 304 550 196 629 168 527 0 567 241 343 445 625 290 370 419 573 661 104 0 155 630 474 210 621 425 641 302 539 249 201 558 232 586 258 
382 575 628 450 419 581 304 550 196 0 168 527 304 567 241 343 445 625 290 370 419 573 661 104 0 155 630 474 210 621 425 641 302 539 249 201 558 232 586 258 
0 575 628 450 419 581 304 550 196 629 168 527 304 567 241 343 445 625 290 370 419 573 661 104 0 155 630 474 210 621 425 641 302 539 249 201 558 232 586 258 
382 575 628 450 419 0 304 550 196 629 168 527 304 567 241 343 445 625 290 370 419 573 661 104 0 155 630 474 210 621 425 641 302 539 249 201 558 232 586 258 
122 419 487 115 302 382 320 313 182 174 0 670 253 638 362 473 685 332 357 631 497 680 366 509 383 0 213 595 329 169 253 193 149 634 629 291 678 462 618 170 
122 419 487 115 302 382 320 313 182 174 147 670 253 638 362 473 685 332 357 631 497 680 366 509 0 0 213 595 329 169 253 193 149 634 629 291 678 462 618 170 
122 419 487 115 302 382 320 313 182 174 147 670 253 638 362 473 685 332 357 631 497 680 366 509 383 0 213 595 329 169 253 193 149 634 629 291 678 462 0 170 
122 419 487 115 302 382 320 313 182 0 147 670 253 638 362 473 685 332 357 631 497 680 366 509 383 0 213 595 329 169 253 193 149 634 629 291 678 462 618 170 
122 419 487 115 302 382 320 313 182 174 147 670 253 638 362 473 685 332 357 631 0 680 366 509 383 0 213 595 329 169 253 193 149 634 629 291 678 462 618 170 
122 419 487 115 302 382 320 313 182 0 147 670 253 638 362 473 685 332 357 631 497 680 366 509 383 0 213 595 329 169 253 193 149 634 629 291 678 462 618 170 
122 419 487 115 302 382 320 313 182 174 147 670 253 638 362 473 0 332 357 631 497 680 366 509 383 0 213 595 329 169 253 193 149 634 629 291 678 462 618 170 
122 419 487 115 302 382 320 313 182 174 147 670 253 638 362 473 685 332 0 631 497 680 366 509 383 0 213 595 329 169 253 193 149 634 629 291 678 462 618 170 
122 419 487 115 302 382 320 313 182 174 147 670 0 638 362 473 685 332 357 631 497 680 366 509 383 0 213 595 329 169 253 193 149 634 629 291 678 462 618 170 
122 419 487 115 302 382 320 313 182 174 147 670 253 638 362 473 685 332 357 631 497 680 0 509 383 0 213 595 329 169 253 193 149 634 629 291 678 462 618 170 
122 419 487 115 302 382 320 313 182 174 147 670 253 638 362 473 0 332 357 631 497 680 366 509 383 0 213 595 329 169 253 193 149 634 629 291 678 462 618 170 
122 419 487 115 302 382 320 313 182 174 0 670 253 638 362 473 685 332 357 631 497 680 366 509 383 0 213 595 329 169 253 193 149 634 629 291 678 462 618 170 
103 482 438 118 0 570 307 451 287 321 475 151 653 563 610 591 385 575 696 426 334 296 495 541 691 218 0 501 405 548 354 470 435 430 167 146 585 573 284 542 
103 482 438 118 213 570 307 451 287 321 475 0 653 563 610 591 385 575 696 426 334 296 495 541 691 218 0 501 405 548 354 470 435 430 167 146 585 573 284 542 
103 482 438 118 213 570 307 451 287 321 475 151 0 563 610 591 385 575 696 426 334 296 495 541 691 218 0 501 405 548 354 470 435 430 167 146 585 573 284 542 
103 482 438 118 213 570 307 451 287 321 475 151 653 563 610 591 385 575 696 426 334 296 495 0 691 218 0 501 405 548 354 470 435 430 167 146 585 573 284 542 
103 482 438 118 213 570 307 451 287 321 475 151 653 563 610 591 385 575 696 426 334 296 495 541 691 218 0 0 405 548 354 470 435 430 167 146 585 573 284 542 
603 292 143 458 577 415 699 414 521 672 386 250 329 493 567 472 546 579 639 520 488 153 671 240 245 395 0 0 102 270 280 296 196 286 211 283 590 502 155 319 
603 292 143 458 577 415 699 414 521 672 386 250 329 493 567 472 546 579 639 520 488 153 671 240 245 395 0 0 102 270 280 296 196 286 211 283 590 502 155 319 
0 292 143 458 577 415 699 414 521 672 386 250 329 493 567 472 546 579 639 520 488 153 671 240 245 395 297 0 102 270 280 296 196 286 211 283 590 502 155 319 
603 292 143 458 0 415 699 414 521 672 386 250 329 493 567 472 546 579 639 520 488 153 671 240 245 395 297 0 102 270 280 296 196 286 211 283 590 502 155 319 
603 292 143 458 577 415 699 414 521 672 386 250 329 493 567 0 546 579 639 520 488 153 671 240 245 395 297 0 102 270 280 296 196 286 211 283 590 502 155 319 
603 292 143 458 577 415 699 414 521 672 386 250 329 493 567 472 546 579 639 520 488 153 671 240 245 395 297 0 102 270 280 296 196 286 0 283 590 502 155 319 
603 292 143 458 577 415 699 414 521 672 386 0 329 493 567 472 546 579 639 520 488 153 671 240 245 395 297 0 102 270 280 296 196 286 211 283 590 502 155 319 
603 292 143 458 577 415 699 414 521 672 386 250 329 493 567 472 546 579 639 520 488 153 0 240 245 395 297 0 102 270 280 296 196 286 211 283 590 502 155 319 
603 292 143 458 577 415 699 414 521 672 386 250 329 493 567 472 546 579 639 520 488 153 671 240 245 395 297 0 102 270 280 296 196 286 211 283 590 502 0 319 
603 292 143 458 577 415 699 414 521 672 386 250 329 493 567 472 546 579 639 520 488 153 671 240 245 395 297 0 102 270 280 0 196 286 211 283 590 502 155 319 
603 292 143 458 577 415 699 414 521 672 386 250 329 493 567 472 546 579 639 520 488 153 671 240 245 0 297 0 102 270 280 296 196 286 211 283 590 502 155 319 
603 292 143 458 577 415 699 414 521 672 386 250 329 493 567 472 546 579 639 520 488 153 671 240 0 395 297 0 102 270 280 296 196 286 211 283 590 502 155 319 
603 292 143 458 577 415 699 414 521 672 386 250 0 493 567 472 546 579 639 520 488 153 671 240 245 395 297 0 102 270 280 296 196 286 211 283 590 502 155 319 
603 292 143 458 577 415 699 414 521 672 386 250 329 493 567 472 546 579 639 520 488 153 671 240 245 395 297 0 102 270 0 296 196 286 211 283 590 502 155 319 
603 292 143 458 577 415 699 414 521 672 386 250 329 493 567 472 546 0 639 520 488 153 671 240 245 395 297 0 102 270 280 296 196 286 211 283 590 502 155 319 
498 470 623 388 301 140 386 377 262 283 510 564 305 552 184 458 387 374 696 348 493 273 524 594 519 647 152 498 0 466 131 276 153 217 123 561 210 0 409 465 
498 470 623 0 301 140 386 377 262 283 510 564 305 552 184 458 387 374 696 348 493 273 524 594 519 647 152 498 0 466 131 276 153 217 123 561 210 261 409 465 
498 470 623 388 301 140 386 377 262 283 510 564 305 0 184 458 387 374 696 348 493 273 524 594 519 647 152 498 0 466 131 276 153 217 123 561 210 261 409 465 
498 470 623 388 301 140 386 377 262 283 510 564 305 0 184 458 387 374 696 348 493 273 524 594 519 647 152 498 0 466 131 276 153 217 123 561 210 261 409 465 
498 470 623 388 301 140 386 377 262 283 510 564 305 552 184 0 387 374 696 348 493 273 524 594 519 647 152 498 0 466 131 276 153 217 123 561 210 261 409 465 
498 470 623 388 301 140 0 377 262 283 510 564 305 552 184 458 387 374 696 348 493 273 524 594 519 647 152 498 0 466 131 276 153 217 123 561 210 261 409 465 
498 470 623 388 301 140 386 377 262 283 510 564 305 552 184 458 387 374 696 348 493 273 524 594 519 647 152 498 0 466 131 276 153 217 123 0 210 261 409 465 
498 470 623 388 301 140 386 377 262 283 510 564 305 552 184 458 387 374 696 348 493 273 524 0 519 647 152 498 0 466 131 276 153 217 123 561 210 261 409 465 
498 470 623 388 301 140 386 377 262 283 510 564 305 552 184 458 387 374 696 348 493 273 524 594 519 647 152 498 0 0 131 276 153 217 123 561 210 261 409 465 
492 580 590 418 117 270 514 471 389 659 465 372 653 132 415 643 0 428 612 536 174 547 187 125 662 104 196 659 239 0 255 329 518 386 238 422 611 446 152 673 
492 580 590 418 117 270 514 471 389 659 465 372 653 132 415 643 0 428 612 536 174 547 187 125 662 104 196 659 239 0 255 329 518 386 238 422 611 446 152 673 
492 580 590 418 117 270 514 471 389 659 465 372 653 132 415 643 166 428 612 536 174 547 187 125 662 104 196 659 239 0 255 329 518 386 238 422 0 446 152 673 
492 580 590 418 117 270 514 471 389 659 465 372 653 132 415 643 166 428 612 536 174 0 187 125 662 104 196 659 239 0 255 329 518 386 238 422 611 446 152 673 
492 580 590 418 117 270 514 471 389 659 465 372 653 132 415 643 166 428 612 536 174 547 187 125 662 104 196 659 239 0 255 329 518 386 238 0 611 446 152 673 
492 580 590 418 117 270 514 471 389 659 465 372 653 132 415 643 166 428 612 536 174 547 187 125 662 104 196 659 239 0 255 329 518 386 238 422 611 0 152 673 
492 580 590 418 117 270 514 471 389 659 465 372 653 0 415 643 166 428 612 536 174 547 187 125 662 104 196 659 239 0 255 329 518 386 238 422 611 446 152 673 
492 580 590 418 117 270 514 471 389 659 465 372 0 132 415 643 166 428 612 536 174 547 187 125 662 104 196 659 239 0 255 329 518 386 238 422 611 446 152 673 
392 292 693 129 672 479 207 156 347 408 168 640 374 237 133 490 259 657 177 661 688 471 575 563 316 360 0 567 532 500 0 510 586 321 101 419 412 498 367 121 
392 292 693 129 672 479 207 156 347 408 168 640 374 237 133 0 259 657 177 661 688 471 575 563 316 360 305 567 532 500 0 510 586 321 101 419 412 498 367 121 
392 292 693 129 672 479 207 156 347 408 168 640 374 237 133 490 259 657 177 661 688 471 575 563 316 360 305 567 532 500 0 510 586 321 0 419 412 498 367 121 
392 292 693 129 672 479 207 156 347 408 168 0 374 237 133 490 259 657 177 661 688 471 575 563 316 360 305 567 532 500 0 510 586 321 101 419 412 498 367 121 
392 292 693 129 672 479 207 156 347 408 0 640 374 237 133 490 259 657 177 661 688 471 575 563 316 360 305 567 532 500 0 510 586 321 101 419 412 498 367 121 
0 292 693 129 672 479 207 156 347 408 168 640 374 237 133 490 259 657 177 661 688 471 575 563 316 360 305 567 532 500 0 510 586 321 101 419 412 498 367 121 
392 292 693 129 672 479 207 156 347 408 168 640 374 237 133 490 259 657 177 661 688 471 575 563 316 360 305 567 532 500 0 510 586 321 101 419 412 0 367 121 
392 292 693 129 672 479 207 156 347 408 168 640 374 237 133 490 259 657 177 661 688 471 575 563 316 360 305 0 532 500 0 510 586 321 101 419 412 498 367 121 
392 292 693 129 672 479 207 156 347 408 168 640 374 237 133 490 259 657 177 661 688 471 575 563 316 0 305 567 532 500 0 510 586 321 101 419 412 498 367 121 
0 292 693 129 672 479 207 156 347 408 168 640 374 237 133 490 259 657 177 661 688 471 575 563 316 360 305 567 532 500 0 510 586 321 101 419 412 498 367 121 
392 292 693 129 672 479 207 156 347 408 168 640 374 237 133 490 259 657 177 661 688 471 575 563 316 0 305 567 532 500 0 510 586 321 101 419 412 498 367 121 
392 292 693 129 672 479 207 156 347 408 168 640 374 237 133 490 259 0 177 661 688 471 575 563 316 360 305 567 532 500 0 510 586 321 101 419 412 498 367 121 
392 292 693 129 672 479 207 156 347 0 168 640 374 237 133 490 259 657 177 661 688 471 575 563 316 360 305 567 532 500 0 510 586 321 101 419 412 498 367 121 
627 254 0 166 359 358 395 563 334 571 472 482 467 692 695 153 576 385 162 631 669 657 674 466 169 364 506 147 613 446 391 0 663 192 345 172 530 429 269 146 
627 254 0 166 359 358 395 563 334 571 472 482 467 692 695 153 576 385 162 631 669 657 674 466 169 364 506 147 613 446 391 0 663 192 345 172 530 429 269 146 
627 254 179 166 359 358 395 563 334 571 472 482 467 692 695 153 576 385 162 631 669 657 674 0 169 364 506 147 613 446 391 0 663 192 345 172 530 429 269 146 
627 254 179 166 359 358 395 563 334 571 472 482 467 692 695 0 576 385 162 631 669 657 674 466 169 364 506 147 613 446 391 0 663 192 345 172 530 429 269 146 
627 254 179 166 359 358 395 563 334 571 472 482 467 692 695 153 576 385 162 631 669 657 674 466 169 364 0 147 613 446 391 0 663 192 345 172 530 429 269 146 
627 254 179 166 359 358 395 563 334 571 472 482 467 692 695 153 576 0 162 631 669 657 674 466 169 364 506 147 613 446 391 0 663 192 345 172 530 429 269 146 
627 254 179 166 359 358 395 563 334 571 472 482 467 692 695 153 576 385 162 631 669 0 674 466 169 364 506 147 613 446 391 0 663 192 345 172 530 429 269 146 
627 254 179 166 359 358 395 563 334 571 472 482 467 692 695 153 576 385 162 631 669 657 674 466 169 364 506 0 613 446 391 0 663 192 345 172 530 429 269 146 
627 254 179 166 359 358 395 563 334 571 472 482 467 692 695 153 0 385 162 631 669 657 674 466 169 364 506 147 613 446 391 0 663 192 345 172 530 429 269 146 
627 254 179 166 359 358 395 563 334 571 472 482 467 692 695 153 576 385 162 631 669 657 674 466 169 364 506 147 613 446 391 0 0 192 345 172 530 429 269 146 
627 254 179 166 359 358 395 563 334 571 472 482 467 692 695 153 576 385 162 631 669 657 674 466 169 364 506 147 613 0 391 0 663 192 345 172 530 429 269 146 
627 254 179 166 359 358 395 563 334 571 472 482 467 692 695 153 576 385 162 631 669 657 674 466 0 364 506 147 613 446 391 0 663 192 345 172 530 429 269 146 
370 217 247 125 0 560 668 401 696 583 112 579 518 660 495 484 441 289 630 160 696 528 599 101 108 264 440 207 208 510 487 352 0 101 311 508 533 400 113 315 
370 217 247 125 189 560 668 401 696 583 112 0 518 660 495 484 441 289 630 160 696 528 599 101 108 264 440 207 208 510 487 352 0 101 311 508 533 400 113 315 
370 217 247 125 189 560 668 401 0 583 112 579 518 660 495 484 441 289 630 160 696 528 599 101 108 264 440 207 208 510 487 352 0 101 311 508 533 400 113 315 
370 217 247 125 189 560 668 401 696 583 112 579 518 660 495 484 441 0 630 160 696 528 599 101 108 264 440 207 208 510 487 352 0 101 311 508 533 400 113 315 
370 217 247 125 189 560 668 401 696 583 112 579 518 660 495 484 441 289 630 160 696 528 599 101 108 264 440 207 208 510 487 0 0 101 311 508 533 400 113 315 
370 217 247 125 189 560 668 401 696 583 112 579 518 660 495 484 441 289 630 160 696 528 599 101 108 264 440 207 208 510 487 352 0 101 311 508 533 400 0 315 
370 217 247 125 189 560 668 401 696 583 112 579 518 660 495 484 441 289 630 160 696 528 599 101 108 264 440 207 208 510 487 352 0 101 311 508 533 400 0 315 
387 241 586 636 384 169 552 529 623 646 399 515 315 309 305 377 380 198 135 199 0 573 262 407 136 442 141 422 475 398 354 549 193 0 336 525 466 549 571 125 
387 241 0 636 384 169 552 529 623 646 399 515 315 309 305 377 380 198 135 199 400 573 262 407 136 442 141 422 475 398 354 549 193 0 336 525 466 549 571 125 
387 241 586 636 384 169 552 529 623 646 399 515 315 309 305 377 380 198 135 199 400 573 262 407 0 442 141 422 475 398 354 549 193 0 336 525 466 549 571 125 
387 241 586 636 384 169 552 529 623 646 399 515 315 309 305 377 380 198 135 199 400 573 262 407 136 442 141 422 0 398 354 549 193 0 336 525 466 549 571 125 
387 241 586 636 384 169 552 529 623 646 399 515 315 309 305 377 380 198 135 199 400 573 262 407 136 442 141 422 475 0 354 549 193 0 336 525 466 549 571 125 
387 241 586 636 384 169 552 529 0 646 399 515 315 309 305 377 380 198 135 199 400 573 262 407 136 442 141 422 475 398 354 549 193 0 336 525 466 549 571 125 
387 241 586 636 0 169 552 529 623 646 399 515 315 309 305 377 380 198 135 199 400 573 262 407 136 442 141 422 475 398 354 549 193 0 336 525 466 549 571 125 
387 241 586 636 384 169 552 529 0 646 399 515 315 309 305 377 380 198 135 199 400 573 262 407 136 442 141 422 475 398 354 549 193 0 336 525 466 549 571 125 
387 241 586 636 384 169 552 529 623 646 0 515 315 309 305 377 380 198 135 199 400 573 262 407 136 442 141 422 475 398 354 549 193 0 336 525 466 549 571 125 
387 241 586 636 384 169 552 529 623 646 399 515 315 309 305 377 380 198 135 199 400 573 262 407 136 442 141 422 475 398 0 549 193 0 336 525 466 549 571 125 
267 534 382 286 271 359 521 211 345 569 206 496 529 226 619 217 385 167 219 206 129 413 603 336 247 165 672 141 0 318 115 143 626 637 0 605 442 630 439 245 
267 534 382 286 271 359 521 211 345 0 206 496 529 226 619 217 385 167 219 206 129 413 603 336 247 165 672 141 695 318 115 143 626 637 0 605 442 630 439 245 
267 534 382 286 271 359 521 211 345 569 206 0 529 226 619 217 385 167 219 206 129 413 603 336 247 165 672 141 695 318 115 143 626 637 0 605 442 630 439 245 
267 534 382 286 271 359 521 211 345 569 206 496 529 226 619 217 385 167 219 206 129 413 603 336 247 165 672 141 0 318 115 143 626 637 0 605 442 630 439 245 
267 534 382 286 271 359 521 211 345 569 206 496 529 226 0 217 385 167 219 206 129 413 603 336 247 165 672 141 695 318 115 143 626 637 0 605 442 630 439 245 
420 362 575 123 296 132 418 504 547 521 112 388 103 521 677 244 333 436 565 606 469 373 407 594 610 577 0 495 633 508 696 526 351 505 538 0 135 338 299 588 
420 362 575 123 296 132 418 504 547 521 112 388 103 521 677 244 333 436 565 606 469 373 407 594 610 577 136 495 633 508 696 526 0 505 538 0 135 338 299 588 
420 362 575 123 296 132 418 504 547 521 112 388 103 521 677 244 333 436 565 606 0 373 407 594 610 577 136 495 633 508 696 526 351 505 538 0 135 338 299 588 
420 362 575 123 296 132 418 504 547 521 112 388 103 521 677 244 333 436 565 606 469 373 407 594 610 577 136 495 633 508 696 526 351 505 538 0 135 338 0 588 
420 362 575 123 296 132 418 504 547 521 112 388 103 521 677 244 333 436 565 606 469 373 407 594 610 577 136 495 633 508 696 526 351 505 0 0 135 338 299 588 
420 362 575 123 296 132 418 0 547 521 112 388 103 521 677 244 333 436 565 606 469 373 407 594 610 577 136 495 633 508 696 526 351 505 538 0 135 338 299 588 
271 0 324 383 419 492 169 592 603 407 265 309 685 570 433 683 293 242 429 492 311 676 540 526 409 288 416 438 431 139 337 532 692 404 510 392 0 257 112 543 
271 600 324 383 419 492 169 592 603 407 265 309 0 570 433 683 293 242 429 492 311 676 540 526 409 288 416 438 431 139 337 532 692 404 510 392 0 257 112 543 
271 600 324 383 419 492 169 592 603 407 265 309 685 570 433 683 293 242 429 492 311 676 540 526 409 288 416 438 431 139 337 532 692 404 510 0 0 257 112 543 
271 600 324 383 419 492 169 592 603 407 0 309 685 570 433 683 293 242 429 492 311 676 540 526 409 288 416 438 431 139 337 532 692 404 510 392 0 257 112 543 
271 600 324 383 419 492 169 592 603 407 265 309 685 570 433 683 293 242 429 492 311 676 540 526 409 288 416 438 0 139 337 532 692 404 510 392 0 257 112 543 
271 600 324 383 419 492 169 592 603 407 265 309 685 570 433 683 293 242 429 492 311 676 0 526 409 288 416 438 431 139 337 532 692 404 510 392 0 257 112 543 
271 600 324 383 419 492 169 592 603 407 265 309 685 570 433 683 293 242 429 492 311 676 540 0 409 288 416 438 431 139 337 532 692 404 510 392 0 257 112 543 
682 694 200 233 631 139 232 191 303 305 203 673 436 153 410 276 389 209 547 294 608 679 446 220 238 435 579 698 599 325 663 301 655 368 422 0 657 0 498 658 
682 694 200 233 631 139 232 191 303 305 203 673 436 153 410 276 389 209 547 294 608 679 446 220 238 435 579 698 599 325 0 301 655 368 422 201 657 0 498 658 
682 694 200 233 631 139 232 191 303 305 203 673 436 153 410 276 389 209 547 294 608 679 446 220 238 435 579 698 599 325 663 301 655 368 422 201 657 0 498 0 
682 694 200 233 631 139 232 191 303 305 203 673 436 153 410 276 389 209 547 294 608 679 446 220 238 435 579 698 599 325 663 0 655 368 422 201 657 0 498 658 
682 694 200 233 631 139 232 191 303 0 203 673 436 153 410 276 389 209 547 294 608 679 446 220 238 435 579 698 599 325 663 301 655 368 422 201 657 0 498 658 
682 694 200 233 631 139 232 191 303 305 203 673 436 153 410 276 389 209 547 294 608 679 446 0 238 435 579 698 599 325 663 301 655 368 422 201 657 0 498 658 
682 694 200 233 631 139 232 191 303 305 203 673 436 153 410 276 389 209 547 294 608 679 446 220 238 435 579 698 599 325 663 301 655 368 422 201 0 0 498 658 
682 694 200 233 631 139 232 191 303 305 203 673 436 153 410 276 389 209 547 294 608 679 446 220 238 435 579 698 599 325 663 301 655 368 422 201 0 0 498 658 
682 694 200 233 631 139 232 191 303 305 203 673 436 153 410 276 389 209 547 294 608 679 446 220 0 435 579 698 599 325 663 301 655 368 422 201 657 0 498 658 
682 694 200 233 0 139 232 191 303 305 203 673 436 153 410 276 389 209 547 294 608 679 446 220 238 435 579 698 599 325 663 301 655 368 422 201 657 0 498 658 
682 694 200 233 631 139 232 191 303 305 203 673 436 153 410 276 389 209 547 294 608 0 446 220 238 435 579 698 599 325 663 301 655 368 422 201 657 0 498 658 
682 694 200 233 631 139 232 191 303 305 203 673 436 153 410 276 389 209 547 294 608 679 446 220 238 435 579 698 599 325 663 301 0 368 422 201 657 0 498 658 
427 167 488 281 594 588 339 117 534 216 425 332 301 323 690 488 246 349 496 353 172 185 513 254 113 226 301 283 396 534 486 540 600 175 392 592 331 0 0 239 
427 167 488 281 594 588 339 117 534 216 425 332 301 323 690 488 246 349 496 353 172 185 513 254 113 226 301 283 396 534 486 540 600 0 392 592 331 608 0 239 
427 167 488 281 594 588 339 117 534 216 425 332 0 323 690 488 246 349 496 353 172 185 513 254 113 226 301 283 396 534 486 540 600 175 392 592 331 608 0 239 
427 167 488 281 594 588 339 117 534 216 425 332 301 323 690 488 246 349 496 353 172 185 513 254 113 226 301 283 396 534 486 540 0 175 392 592 331 608 0 239 
427 167 488 281 0 588 339 117 534 216 425 332 301 323 690 488 246 349 496 353 172 185 513 254 113 226 301 283 396 534 486 540 600 175 392 592 331 608 0 239 
427 167 488 281 594 0 339 117 534 216 425 332 301 323 690 488 246 349 496 353 172 185 513 254 113 226 301 283 396 534 486 540 600 175 392 592 331 608 0 239 
427 0 488 281 594 588 339 117 534 216 425 332 301 323 690 488 246 349 496 353 172 185 513 254 113 226 301 283 396 534 486 540 600 175 392 592 331 608 0 239 
427 167 488 281 594 588 339 117 534 216 425 332 301 323 690 488 246 349 496 353 172 185 513 254 113 226 301 283 396 534 486 540 600 175 0 592 331 608 0 239 
427 167 488 281 594 588 339 117 534 216 425 332 301 323 690 488 246 349 496 353 172 185 513 254 113 226 301 283 396 534 0 540 600 175 392 592 331 608 0 239 
427 167 488 281 594 588 339 117 534 216 425 332 301 323 690 488 246 349 496 353 172 185 513 254 0 226 301 283 396 534 486 540 600 175 392 592 331 608 0 239 
427 167 488 281 594 588 339 117 534 216 425 332 301 323 690 488 246 349 496 353 172 185 513 0 113 226 301 283 396 534 486 540 600 175 392 592 331 608 0 239 
427 167 488 281 594 588 339 117 534 0 425 332 301 323 690 488 246 349 496 353 172 185 513 254 113 226 301 283 396 534 486 540 600 175 392 592 331 608 0 239 
427 167 488 281 594 588 339 117 534 216 425 332 301 323 690 488 246 349 496 353 172 185 513 0 113 226 301 283 396 534 486 540 600 175 392 592 331 608 0 239 
427 0 488 281 594 588 339 117 534 216 425 332 301 323 690 488 246 349 496 353 172 185 513 254 113 226 301 283 396 534 486 540 600 175 392 592 331 608 0 239 
427 167 488 281 594 588 339 117 534 216 0 332 301 323 690 488 246 349 496 353 172 185 513 254 113 226 301 283 396 534 486 540 600 175 392 592 331 608 0 239 
225 272 613 439 615 249 507 477 324 132 134 408 498 600 353 354 529 437 208 641 637 198 258 204 291 348 315 492 380 528 133 314 0 620 694 399 232 630 588 0 
225 272 613 0 615 249 507 477 324 132 134 408 498 600 353 354 529 437 208 641 637 198 258 204 291 348 315 492 380 528 133 314 211 620 694 399 232 630 588 0 
225 272 613 439 615 249 507 477 324 132 134 408 498 0 353 354 529 437 208 641 637 198 258 204 291 348 315 492 380 528 133 314 211 620 694 399 232 630 588 0 
225 272 613 439 615 249 507 477 324 132 134 408 498 600 353 354 0 437 208 641 637 198 258 204 291 348 315 492 380 528 133 314 211 620 694 399 232 630 588 0 
225 272 613 439 615 249 507 477 324 132 134 408 498 600 353 354 529 437 208 641 637 198 0 204 291 348 315 492 380 528 133 314 211 620 694 399 232 630 588 0 
225 272 613 439 615 249 507 477 324 132 134 408 498 600 353 354 0 437 208 641 637 198 258 204 291 348 315 492 380 528 133 314 211 620 694 399 232 630 588 0 
225 272 613 439 615 249 507 477 324 132 134 408 498 600 353 354 529 437 208 641 637 198 258 204 291 348 315 492 380 528 133 314 211 620 694 0 232 630 588 0 
225 272 613 439 615 249 507 477 324 132 134 408 498 600 353 354 529 437 208 641 637 198 258 204 291 348 315 492 0 528 133 314 211 620 694 399 232 630 588 0 
225 272 613 439 615 249 507 477 324 132 134 408 498 600 353 354 529 437 208 641 637 198 0 204 291 348 315 492 380 528 133 314 211 620 694 399 232 630 588 0 
225 272 613 439 615 249 507 477 324 132 134 408 498 600 353 354 529 437 208 641 637 198 258 204 291 348 315 492 380 528 133 314 211 620 694 399 232 630 0 0 
225 272 613 439 615 249 507 477 324 132 134 408 498 600 353 354 529 437 208 641 637 0 258 204 291 348 315 492 380 528 133 314 211 620 694 399 232 630 588 0 
225 272 613 439 615 249 507 477 324 132 134 408 498 600 353 354 529 437 208 641 637 198 258 0 291 348 315 492 380 528 133 314 211 620 694 399 232 630 588 0 

9633.5
1 0.0 0.0
2 519.0 53.0
3 598.0 47.0
4 513.0 41.0
5 567.0 50.0
6 440.0 55.0
7 410.0 41.0
8 460.0 38.0
9 544.0 34.0
10 468.0 59.0
11 462.0 30.0
12 437.0 52.0
13 434.0 46.0
14 443.0 50.0
15 483.0 50.0
16 551.0 39.0
17 405.0 43.0
18 469.0 38.0
19 568.0 50.0
20 529.0 38.0
21 413.0 51.0
22 414.0 39.0
23 429.0 57.0
24 506.0 52.0
25 493.0 59.0
26 433.0 41.0
27 553.0 39.0
28 581.0 32.0
29 508.0 57.0
30 567.0 33.0
31 401.0 46.0
32 413.0 43.0
33 586.0 43.0
34 551.0 50.0
35 538.0 40.0
36 591.0 56.0
37 489.0 57.0
38 421.0 38.0
39 524.0 48.0
40 556.0 42.0
