5 43 5

0 402 506 426 245 
402 0 502 437 370 
506 502 0 282 604 
426 437 282 0 429 
245 370 604 429 0 

0 42 47 44 70 
42 0 39 33 53 
47 39 0 79 38 
44 33 79 0 34 
70 53 38 34 0 

186.0 141.0 1 3
265.0 210.0 1 5
265.0 141.0 1 3
265.0 132.0 1 4
212.0 141.0 1 3
159.0 132.0 1 4
239.0 126.0 1 2
159.0 210.0 1 5
239.0 126.0 1 2
265.0 99.0 2 4
186.0 126.0 2 1
265.0 117.0 2 3
186.0 117.0 2 3
265.0 159.0 2 5
186.0 126.0 2 1
159.0 126.0 2 1
186.0 126.0 2 1
212.0 99.0 2 4
159.0 114.0 3 5
239.0 141.0 3 1
239.0 114.0 3 5
212.0 114.0 3 5
186.0 141.0 3 1
239.0 237.0 3 4
186.0 132.0 4 1
265.0 102.0 4 5
265.0 132.0 4 1
186.0 99.0 4 2
239.0 237.0 4 3
159.0 99.0 4 2
239.0 102.0 4 5
239.0 102.0 4 5
159.0 132.0 4 1
265.0 132.0 4 1
239.0 114.0 5 3
186.0 114.0 5 3
186.0 210.0 5 1
186.0 159.0 5 2
159.0 159.0 5 2
212.0 102.0 5 4
186.0 210.0 5 1
239.0 114.0 5 3
186.0 210.0 5 1

0 402 0 426 245 
0 402 506 426 0 
0 402 0 426 245 
0 402 506 0 245 
0 402 0 426 245 
0 402 506 0 245 
0 0 506 426 245 
0 402 506 426 0 
0 0 506 426 245 
402 0 502 0 370 
0 0 502 437 370 
402 0 0 437 370 
402 0 0 437 370 
402 0 502 437 0 
0 0 502 437 370 
0 0 502 437 370 
0 0 502 437 370 
402 0 502 0 370 
506 502 0 282 0 
0 502 0 282 604 
506 502 0 282 0 
506 502 0 282 0 
0 502 0 282 604 
506 502 0 0 604 
0 437 282 0 429 
426 437 282 0 0 
0 437 282 0 429 
426 0 282 0 429 
426 437 0 0 429 
426 0 282 0 429 
426 437 282 0 0 
426 437 282 0 0 
0 437 282 0 429 
0 437 282 0 429 
245 370 0 429 0 
245 370 0 429 0 
0 370 604 429 0 
245 0 604 429 0 
245 0 604 429 0 
245 370 604 0 0 
0 370 604 429 0 
245 370 0 429 0 
0 370 604 429 0 

971.5999999999999
1 0.0 0.0
2 627.0 23.0
3 264.0 6.0
4 108.0 8.0
5 389.0 3.0
