5 21 3

0 527 249 579 159 
146 0 485 200 576 
293 555 0 415 238 
327 201 382 0 590 
468 177 175 173 0 

0 98 71 21 65 
98 0 53 92 63 
59 48 0 33 61 
54 92 28 0 84 
54 63 61 84 0 

72.0 147.0 1 3
72.0 63.0 1 4
103.0 147.0 1 3
72.0 147.0 1 3
62.0 294.0 2 1
62.0 276.0 2 4
62.0 276.0 2 4
103.0 177.0 3 1
93.0 99.0 3 4
72.0 183.0 3 5
72.0 162.0 4 1
62.0 84.0 4 3
103.0 162.0 4 1
83.0 84.0 4 3
83.0 162.0 4 1
93.0 162.0 5 1
62.0 183.0 5 3
93.0 252.0 5 4
83.0 189.0 5 2
83.0 162.0 5 1
83.0 189.0 5 2

0 527 0 332 159 
0 527 249 0 159 
0 527 0 332 159 
0 527 0 332 159 
0 0 485 200 576 
146 0 485 0 576 
146 0 485 0 576 
0 555 0 415 238 
293 555 0 0 238 
293 555 0 415 0 
0 201 382 0 590 
327 201 0 0 590 
0 201 382 0 590 
327 201 0 0 590 
0 201 382 0 590 
0 177 175 173 0 
468 177 0 173 0 
468 177 175 0 0 
468 0 175 173 0 
0 177 175 173 0 
468 0 175 173 0 

1507.1
1 0.0 0.0
2 543.0 30.0
3 553.0 26.0
4 482.0 35.0
5 575.0 30.0
