5 38 5

0 450 502 346 502 
108 0 547 641 320 
516 321 0 386 486 
385 185 254 0 344 
101 153 304 493 0 

0 76 39 34 95 
76 0 53 75 81 
40 29 0 99 58 
58 75 99 0 40 
95 81 24 25 0 

150.0 228.0 1 2
166.0 117.0 1 3
166.0 222.0 1 5
150.0 204.0 1 2
166.0 222.0 1 5
133.0 102.0 1 4
150.0 204.0 1 2
117.0 222.0 1 5
100.0 204.0 1 2
133.0 225.0 2 4
166.0 243.0 2 5
166.0 225.0 2 4
166.0 228.0 2 1
166.0 225.0 2 4
166.0 225.0 2 4
100.0 225.0 2 4
150.0 228.0 2 1
166.0 159.0 2 3
117.0 159.0 2 3
150.0 87.0 3 2
100.0 174.0 3 5
166.0 297.0 3 4
133.0 297.0 3 4
100.0 174.0 3 5
150.0 120.0 4 5
100.0 297.0 4 3
133.0 297.0 4 3
166.0 225.0 4 2
117.0 120.0 4 5
150.0 285.0 5 1
100.0 243.0 5 2
117.0 243.0 5 2
166.0 243.0 5 2
133.0 75.0 5 4
166.0 243.0 5 2
117.0 72.0 5 3
133.0 72.0 5 3
133.0 72.0 5 3

0 0 502 346 502 
0 450 0 346 502 
0 450 502 346 0 
0 0 502 346 502 
0 450 502 346 0 
0 450 502 0 502 
0 0 502 346 502 
0 450 502 346 0 
0 0 502 346 502 
108 0 547 0 320 
108 0 547 641 0 
108 0 547 0 320 
0 0 547 641 320 
108 0 547 0 320 
108 0 547 0 320 
108 0 547 0 320 
0 0 547 641 320 
108 0 0 641 320 
108 0 0 641 320 
516 0 0 386 486 
516 321 0 386 0 
516 321 0 0 486 
516 321 0 0 486 
516 321 0 386 0 
385 185 254 0 0 
385 185 0 0 344 
385 185 0 0 344 
385 0 254 0 344 
385 185 254 0 0 
0 153 304 493 0 
101 0 304 493 0 
101 0 304 493 0 
101 0 304 493 0 
101 153 304 0 0 
101 0 304 493 0 
101 153 0 493 0 
101 153 0 493 0 
101 153 0 493 0 

1583.3999999999999
1 0.0 0.0
2 597.0 34.0
3 525.0 27.0
4 460.0 35.0
5 680.0 35.0
