5 22 3

0 682 173 511 420 
677 0 496 331 301 
136 573 0 110 666 
363 624 496 0 616 
155 670 192 474 0 

0 49 99 27 99 
37 0 55 97 62 
99 27 0 65 88 
31 54 49 0 59 
99 27 88 51 0 

115.0 258.0 1 5
192.0 81.0 1 4
134.0 81.0 1 4
192.0 228.0 1 3
154.0 228.0 1 3
192.0 81.0 1 4
192.0 291.0 2 4
115.0 186.0 2 5
192.0 186.0 2 5
192.0 264.0 3 5
192.0 81.0 3 2
115.0 81.0 3 2
173.0 147.0 4 3
192.0 162.0 4 2
134.0 162.0 4 2
154.0 162.0 4 2
192.0 162.0 4 2
192.0 147.0 4 3
154.0 153.0 5 4
173.0 264.0 5 3
134.0 297.0 5 1
115.0 153.0 5 4

0 682 173 283 0 
0 682 173 0 420 
0 682 173 0 420 
0 682 0 283 420 
0 682 0 283 420 
0 682 173 0 420 
677 0 496 0 301 
677 0 496 331 0 
677 0 496 331 0 
136 573 0 110 0 
136 0 0 110 666 
136 0 0 110 666 
363 624 0 0 616 
363 0 496 0 616 
363 0 496 0 616 
363 0 496 0 616 
363 0 496 0 616 
363 624 0 0 616 
155 670 192 0 0 
155 670 0 474 0 
0 670 192 474 0 
155 670 192 0 0 

1547.0
1 0.0 0.0
2 555.0 38.0
3 535.0 26.0
4 604.0 29.0
5 516.0 38.0
