5 40 5

0 673 647 558 353 
169 0 438 589 678 
553 308 0 107 413 
561 630 630 0 106 
657 383 435 132 0 

0 83 44 28 75 
83 0 72 24 44 
35 72 0 88 20 
54 37 23 0 75 
56 50 53 75 0 

118.0 132.0 1 3
118.0 84.0 1 4
137.0 132.0 1 3
118.0 84.0 1 4
137.0 132.0 1 3
157.0 195.0 1 2
196.0 132.0 1 3
118.0 132.0 1 3
118.0 72.0 2 4
118.0 216.0 2 3
196.0 249.0 2 1
118.0 132.0 2 5
196.0 72.0 2 4
118.0 249.0 2 1
176.0 249.0 2 1
118.0 216.0 2 3
137.0 216.0 2 3
137.0 264.0 3 4
137.0 105.0 3 1
157.0 105.0 3 1
137.0 216.0 3 2
137.0 60.0 3 5
137.0 60.0 3 5
196.0 105.0 3 1
196.0 60.0 3 5
176.0 60.0 3 5
118.0 162.0 4 1
176.0 162.0 4 1
137.0 111.0 4 2
176.0 162.0 4 1
176.0 111.0 4 2
157.0 162.0 4 1
157.0 162.0 4 1
137.0 69.0 4 3
137.0 111.0 4 2
196.0 168.0 5 1
137.0 225.0 5 4
118.0 225.0 5 4
196.0 150.0 5 2
176.0 168.0 5 1

0 673 0 485 353 
0 673 647 0 353 
0 673 0 485 353 
0 673 647 0 353 
0 673 0 485 353 
0 0 647 485 353 
0 673 0 485 353 
0 673 0 485 353 
169 0 438 0 678 
169 0 0 589 678 
0 0 438 589 678 
169 0 438 589 0 
169 0 438 0 678 
0 0 438 589 678 
0 0 438 589 678 
169 0 0 589 678 
169 0 0 589 678 
553 308 0 0 413 
0 308 0 107 413 
0 308 0 107 413 
553 0 0 107 413 
553 308 0 107 0 
553 308 0 107 0 
0 308 0 107 413 
553 308 0 107 0 
553 308 0 107 0 
0 630 630 0 106 
0 630 630 0 106 
561 0 630 0 106 
0 630 630 0 106 
561 0 630 0 106 
0 630 630 0 106 
0 630 630 0 106 
561 630 0 0 106 
561 0 630 0 106 
0 383 435 132 0 
657 383 435 0 0 
657 383 435 0 0 
657 0 435 132 0 
0 383 435 132 0 

1521.1
1 0.0 0.0
2 673.0 26.0
3 634.0 22.0
4 464.0 21.0
5 402.0 30.0
