5 26 4

0 498 436 206 551 
490 0 556 607 683 
632 349 0 140 695 
209 657 148 0 487 
478 123 378 129 0 

0 50 24 85 22 
59 0 32 35 68 
20 40 0 94 55 
85 46 94 0 62 
48 68 23 62 0 

179.0 150.0 1 2
143.0 72.0 1 3
143.0 66.0 1 5
125.0 150.0 1 2
179.0 72.0 1 3
161.0 204.0 2 5
179.0 105.0 2 4
125.0 96.0 2 3
161.0 177.0 2 1
125.0 177.0 2 1
125.0 60.0 3 1
108.0 120.0 3 2
125.0 120.0 3 2
125.0 282.0 3 4
125.0 165.0 3 5
179.0 60.0 3 1
108.0 255.0 4 1
161.0 186.0 4 5
108.0 186.0 4 5
161.0 138.0 4 2
125.0 255.0 4 1
125.0 138.0 4 2
108.0 144.0 5 1
161.0 204.0 5 2
179.0 69.0 5 3
125.0 144.0 5 1

0 0 354 206 551 
0 498 0 206 551 
0 498 354 206 0 
0 0 354 206 551 
0 498 0 206 551 
490 0 556 607 0 
490 0 556 0 683 
490 0 0 607 683 
0 0 556 607 683 
0 0 556 607 683 
0 349 0 140 695 
632 0 0 140 695 
632 0 0 140 695 
632 349 0 0 695 
632 349 0 140 0 
0 349 0 140 695 
0 657 148 0 487 
209 657 148 0 0 
209 657 148 0 0 
209 0 148 0 487 
0 657 148 0 487 
209 0 148 0 487 
0 123 378 129 0 
478 0 378 129 0 
478 123 0 129 0 
0 123 378 129 0 

1337.0
1 0.0 0.0
2 666.0 27.0
3 554.0 25.0
4 417.0 21.0
5 273.0 2.0
