5 34 4

0 473 583 245 408 
498 0 374 467 358 
523 571 0 690 675 
223 180 326 0 582 
153 172 170 612 0 

0 37 57 69 83 
24 0 24 95 88 
33 50 0 95 96 
69 95 95 0 48 
83 88 96 47 0 

167.0 207.0 1 4
117.0 111.0 1 2
134.0 111.0 1 2
134.0 111.0 1 2
150.0 285.0 2 4
167.0 264.0 2 5
167.0 264.0 2 5
167.0 264.0 2 5
134.0 264.0 2 5
167.0 72.0 2 1
117.0 288.0 3 5
117.0 288.0 3 5
150.0 99.0 3 1
150.0 288.0 3 5
150.0 288.0 3 5
100.0 285.0 3 4
100.0 288.0 3 5
167.0 288.0 3 5
167.0 285.0 4 3
150.0 285.0 4 2
134.0 207.0 4 1
117.0 285.0 4 2
100.0 285.0 4 3
150.0 285.0 4 3
100.0 144.0 4 5
117.0 285.0 4 2
100.0 141.0 5 4
100.0 288.0 5 3
117.0 288.0 5 3
100.0 288.0 5 3
100.0 264.0 5 2
150.0 141.0 5 4
100.0 141.0 5 4
117.0 141.0 5 4

0 473 571 0 408 
0 0 571 245 408 
0 0 571 245 408 
0 0 571 245 408 
498 0 374 0 358 
498 0 374 467 0 
498 0 374 467 0 
498 0 374 467 0 
498 0 374 467 0 
0 0 374 467 358 
523 571 0 690 0 
523 571 0 690 0 
0 571 0 690 675 
523 571 0 690 0 
523 571 0 690 0 
523 571 0 0 675 
523 571 0 690 0 
523 571 0 690 0 
223 180 0 0 582 
223 0 326 0 582 
0 180 326 0 582 
223 0 326 0 582 
223 180 0 0 582 
223 180 0 0 582 
223 180 326 0 0 
223 0 326 0 582 
153 172 170 0 0 
153 172 0 612 0 
153 172 0 612 0 
153 172 0 612 0 
153 0 170 612 0 
153 172 170 0 0 
153 172 170 0 0 
153 172 170 0 0 

1371.3
1 0.0 0.0
2 523.0 28.0
3 470.0 36.0
4 689.0 27.0
5 277.0 3.0
